167.425,0,339.3,0,56.0035,0,259.14,0,0,10.9717,279.447,792.933,1015.56,952.826,830.293,613.25,379.541,242.292,186.776,102.53,51.0152,64.0221,48.5067,106.425,0.239194,160.8,1042.67,1218.45,881.46,553.556,372.008,194.391,108.858,56.5488,22.6236,21.316,-8.66309,1.2342,9.93512,12.9175,0,7.37685,37.6756,791.427,1540.53,2526.35,2640.58,2566.25,2428.56,2049.84,1691.8,1260.56,836.567,446.877,378.983,582.815,11.3127,12.5022,681.043,1263.29,1413.05,1227.8,1364.94,861.388,494.503,775.708,467.104,123.835,243.48,-43.3368,227.296,43.3935,
0,0,0,0,0,0,0,0,0,0,0,0,0,0,0,0,0,0,0,0,0,0,0,0,0,0,0,0,0,0,0,0,0,0,0,0,0,0,0,0,0,0,0,0,0,0,0,0,0,0,0,0,0,0,0,0,0,0,0,0,0,0,0,0,0,0,0,0,0,0,0,0,
339.3,0,1558.85,0,122.254,0,625.041,0,0,23.0191,706.397,1977.28,2522.19,1880.25,1786.39,1405.67,661.094,492.576,175.565,83.1361,102.406,3.32334,164.034,45.3708,0.279716,765.151,3766.22,3501.43,2915.6,1645.55,1063.38,675.417,503.235,-17.5315,132.316,75.8707,-30.1933,-7.66102,19.068,86.5452,0,19.1552,332.495,3050.15,4640.01,6324.23,6508.94,6338.11,5212.89,2908.98,1954.16,1176.5,180.962,-191.504,30.7735,-3361.67,42.6256,82.3632,2694.56,5592.49,6684.52,6813.17,6178.18,5302.52,3756.47,4112.12,1852.77,352.539,1141.8,-222.953,302.075,15.0474,
0,0,0,0,0,0,0,0,0,0,0,0,0,0,0,0,0,0,0,0,0,0,0,0,0,0,0,0,0,0,0,0,0,0,0,0,0,0,0,0,0,0,0,0,0,0,0,0,0,0,0,0,0,0,0,0,0,0,0,0,0,0,0,0,0,0,0,0,0,0,0,0,
56.0035,0,122.254,0,90.1316,0,173.097,0,0,8.94459,232.879,495.088,729.694,655.77,642.323,391.934,319.122,203.73,146.033,99.3455,73.6227,47.2854,37.1757,33.3935,0.0578074,164.469,899.178,960.726,689.939,449.428,366.373,159.213,129.285,76.0871,39.3732,24.9497,10.3461,16.181,14.0837,9.67738,0,0.307953,24.1257,434.925,740.442,1154.46,1167.27,1586.21,1571.64,1276.03,1159.91,928.352,699.006,512.688,269.802,975.89,-5.00309,7.5918,391.036,621.565,867.72,1024.43,1041.63,930.631,900.897,802.346,593.806,402.133,361.401,202.348,217.472,524.875,
0,0,0,0,0,0,0,0,0,0,0,0,0,0,0,0,0,0,0,0,0,0,0,0,0,0,0,0,0,0,0,0,0,0,0,0,0,0,0,0,0,0,0,0,0,0,0,0,0,0,0,0,0,0,0,0,0,0,0,0,0,0,0,0,0,0,0,0,0,0,0,0,
259.14,0,625.041,0,173.097,0,1253.82,0,0,28.2003,789.555,1729.54,2503.93,2315.38,2208.52,1618.87,1067.42,784.725,614.841,375.097,178.349,272.931,197.216,321.523,0.123201,393.578,3026.97,3458.59,2784.09,1905.14,1368.89,673.35,450.267,384.969,83.1101,72.1563,0.463938,42.4946,37.7426,75.5804,0,27.0806,-12.9691,1875.52,2537.17,5275.24,5696.59,6275.64,6225.92,6228.7,4986.32,4702.85,3442.98,2304.1,1702.53,4331.16,16.4621,53.6407,1730.77,2982.12,3683.86,3381.64,3159.05,2764.41,2145.37,2986.28,2273.28,1301.63,1135.7,375.484,1328.76,1256.37,
0,0,0,0,0,0,0,0,0,0,0,0,0,0,0,0,0,0,0,0,0,0,0,0,0,0,0,0,0,0,0,0,0,0,0,0,0,0,0,0,0,0,0,0,0,0,0,0,0,0,0,0,0,0,0,0,0,0,0,0,0,0,0,0,0,0,0,0,0,0,0,0,
0,0,0,0,0,0,0,0,0.133719,0,0,0,0,0,0,0,0,0,0,0,0,0,0,0,0,0,0,0,0,0,0,0,0,0,0,0,0,0,0,0,0,0,0,0,0,0,0,0,0,0,0,0,0,0,0,0,0,0,0,0,0,0,0,0,0,0,0,0,0,0,0,0,
10.9717,0,23.0191,0,8.94459,0,28.2003,0,0,21.1193,38.1391,110.718,95.2019,129.054,100.789,58.3576,42.5213,17.0834,28.5432,5.404,5.54045,17.8222,-0.507072,14.3884,0.0840973,33.0647,136.582,177.303,80.4276,103.11,49.292,9.88687,-8.54015,15.5588,2.36384,6.16752,-3.86173,-0.393538,-4.11422,-9.63795,0,4.2236,-5.36361,39.1498,264.406,389.437,265.423,426.661,365.669,272.636,359.003,128.557,102.151,72.3968,22.831,122.572,5.14532,-0.331207,102.622,172.052,312.383,245.94,264.968,98.665,239.833,204.612,176.498,61.071,26.2258,-80.0595,73.5003,64.6554,
279.447,0,706.397,0,232.879,0,789.555,0,0,38.1391,1573.11,2317.14,2890.18,2296.81,2409.27,1440.31,901.893,780.934,432.021,275.323,10.4721,220.628,233.11,77.2423,0.325695,773.216,4786.42,4943.32,3220.73,1812.46,1577.38,296.452,468.952,278.056,-0.918796,43.0908,-76.6936,19.7088,23.4645,17.2487,0,43.2086,4.3865,3522.61,3826,8264.63,6954.91,9511.92,8562.25,7036.11,5456.6,4674.74,2981.42,1667.68,581.734,2326.01,14.6905,144.549,3240.8,5723.87,7293.07,7522.3,6986.68,5959.93,5298.99,5846.35,3668.49,1645.62,1774.5,132.143,1892.41,1842.16,
792.933,0,1977.28,0,495.088,0,1729.54,0,0,110.718,2317.14,8424.43,10244.2,8805.01,7027.64,5376.87,3798.22,1888.78,1602.59,893.876,1036.41,213.61,134.201,938.898,0.405229,1488.81,8370.41,9187.42,7355.42,5193.99,2248.95,2354.42,740.465,337.729,534.514,333.678,247.424,13.9867,53.7477,206.83,0,-12.4831,1137.35,6904.86,19121.3,22627.5,30903.6,27669.2,25743.7,21721.1,17791.7,13809.3,10500.5,7418.63,7291.37,10487.2,78.9211,54.4842,3528.87,8143.91,9093.82,10129.3,9798.26,9325.72,5698.48,4886.58,4598,4387.53,2874.92,2684.07,-349.318,1125.87,
1015.56,0,2522.19,0,729.694,0,2503.93,0,0,95.2019,2890.18,10244.2,16567.5,13426.6,10239.9,8401.64,6201.87,3148.81,2621.36,1720.89,1963.97,233.031,201.476,1578.14,-2.0166,1744.9,10270.5,10962,10098,7259.84,3111.45,4182.41,1551.93,607.584,1020.75,533.502,647.126,122.675,169.143,408.471,0,-129.955,1765.47,7488.18,24000,26183.6,42515,34985.5,34824.5,29102.5,26238.1,20764.6,16860.4,12659.4,13547.7,21335.2,-2.55672,-115.464,2440.42,7279.98,7618.44,8903.52,8432.88,10421.2,4129.68,3757.08,5617.59,6452.47,4538.55,6069.93,-1925.25,2586.13,
952.826,0,1880.25,0,655.77,0,2315.38,0,0,129.054,2296.81,8805.01,13426.6,13799.2,9670.11,7605.76,5994.35,2799.28,2911.86,1934.55,1870.38,406.574,187.652,1622.18,-0.0966834,1244.98,7142.82,9003.8,7893.8,6461.31,3104.75,3739.55,1076.04,816.914,933.158,535.473,602.337,201.899,160.55,225.383,0,-130.515,1095.83,3645.43,18320.4,21632.3,34736,29076,30341.6,25499.6,25997.7,18806.4,15973.1,11374,11885.8,23673.4,-21.0367,-265.641,-86.9174,1717.08,1587.62,1256.79,3294.13,3583.43,164.986,477.92,3394.37,4142.68,3567.43,5116.61,-1713.61,3030,
830.293,0,1786.39,0,642.323,0,2208.52,0,0,100.789,2409.27,7027.64,10239.9,9670.11,9213.32,5888.98,4540.77,2622.35,2252.94,1379.83,1147.37,540.227,356.919,995.664,1.06176,1472.09,8755.94,10191.3,8087.57,5820.21,3748.69,2594.5,1285.79,860.854,642.861,400.202,298.439,165.174,150.376,194.826,0,-42.7366,560.591,4567.49,12991.4,18014.5,23393.8,24440,24535.4,22158.1,19566.2,15924.5,12286.3,9128.14,7142.74,16359.5,-26.1397,-65.5657,2636.62,5340.8,6667.76,7712.27,9663.3,8528.28,6468.12,5167.28,5129.48,4749.13,3631.46,3366.61,978.714,4264.14,
613.25,0,1405.67,0,391.934,0,1618.87,0,0,58.3576,1440.31,5376.87,8401.64,7605.76,5888.98,5862.72,3908.57,1905.41,1693.27,1148.49,1227.25,286.688,222.897,1098.1,-0.991036,796.554,5068.06,5920.33,5733.7,4449.41,1926.41,2528.2,913.621,545.888,590.943,312.724,359.912,104.31,97.1283,289.11,0,-45.0394,663.769,1944.72,10267.3,10433.9,20505.4,15706.3,16753,15693.2,14252.5,11870.4,10071.6,7586.26,8025.98,13261.9,31.1946,-108.36,-218.619,1361.46,1427.49,2277.89,2069.06,3721.84,896.26,1219.73,2614.65,3585.43,2208.35,3088.32,-596.103,1303.28,
379.541,0,661.094,0,319.122,0,1067.42,0,0,42.5213,901.893,3798.22,6201.87,5994.35,4540.77,3908.57,3944.74,1346,1415.79,1047.21,1231.34,188.513,115.933,833.745,-0.704281,504.533,2756.62,3678.08,3735.42,3255.26,1476.47,2078.59,710.722,475.282,577.463,301.589,380.634,110.919,131.332,190.467,0,-79.156,476.32,-203.283,7634.93,5769.75,14547.6,10923.8,12658,11490.1,11687.9,9688.4,8254.01,6595.7,6641.96,13332.2,-28.8803,-162.859,-1736.4,-2038.18,-2803.4,-975.94,-486.032,973.173,34.4384,-729.48,1199.03,3045.23,1871.14,3274.68,-1211.92,1701.03,
242.292,0,492.576,0,203.73,0,784.725,0,0,17.0834,780.934,1888.78,3148.81,2799.28,2622.35,1905.41,1346,1585.4,672.264,386.37,225.105,290.685,132.511,422.943,-0.174832,446.018,2940.91,3280,2820.52,1787.87,1265.98,773.061,608.584,356.185,197.488,88.6448,93.3819,58.686,54.7889,115.578,0,0.940337,84.3964,1655.89,2231.88,3994.98,5020.58,6704.15,6861.01,8242.52,6522.83,6105.08,4889.29,4180.73,3001.39,7062.65,-20.8627,0.0932107,1399.07,2068.96,3424.78,2974.24,3905.01,3728.16,2789.14,2405.96,2677.92,2538.24,1155.54,1206.68,1207.21,1956.86,
186.776,0,175.565,0,146.033,0,614.841,0,0,28.5432,432.021,1602.59,2621.36,2911.86,2252.94,1693.27,1415.79,672.264,1215.04,556.312,460.488,205.74,100.691,463.804,0.336175,82.2031,939.859,1673.38,1325.81,1337.24,881.255,802.163,213.604,360.077,170.695,157.54,134.159,76.1568,51.8693,3.79045,0,-36.4057,-37.5689,24.9889,2434.68,4242.16,6670.26,6365.92,7421.38,6896.2,7371.52,5832.69,4909.17,3359.28,3055.86,8488.7,-23.5221,-92.6064,-534.646,-876.559,-1238.96,-1737.91,-769.865,-920.026,-1087.23,-299.778,754.701,655.143,955.182,1180.69,-9.43839,1338.83,
102.53,0,83.1361,0,99.3455,0,375.097,0,0,5.404,275.323,893.876,1720.89,1934.55,1379.83,1148.49,1047.21,386.37,556.312,725.765,393.182,78.6632,105.813,271.442,-0.170351,53.1113,492.427,841.458,875.046,797.727,619.519,667.261,246.492,240.211,158.982,87.9622,135.399,82.5583,59.7844,37.8075,0,-40.1826,10.0919,-381.648,939.064,1564.68,4080.59,2902.9,4112.73,3196.31,4431.62,3391.64,3206.1,2004.97,2100.19,6188.03,-28.502,-45.7143,-991.36,-1314.13,-1836.99,-1761.45,-1365.77,-738.998,-996.405,-156.409,291.922,436.216,957.68,1320.43,-195.931,1163.04,
51.0152,0,102.406,0,73.6227,0,178.349,0,0,5.54045,10.4721,1036.41,1963.97,1870.38,1147.37,1227.25,1231.34,225.105,460.488,393.182,919.84,-69.8962,-19.1166,291.142,-0.633963,71.6384,-45.0506,19.1657,673.208,918.182,139.041,990.51,223.822,97.4175,321.723,150.315,231.823,51.9353,72.6153,88.2019,0,-62.4927,404.765,-724.307,3901.28,1038.26,6215.65,3073.16,3911.45,2878.85,3505.04,2931.74,2687.15,2376.06,2956.17,5313.63,-19.1743,-102.986,-1539.41,-1940.66,-3101.66,-1628.35,-1866.43,-497.042,-936.066,-1803.2,-539.286,1109.29,743.655,1907.88,-1538.75,477.115,
64.0221,0,3.32334,0,47.2854,0,272.931,0,0,17.8222,220.628,213.61,233.031,406.574,540.227,286.688,188.513,290.685,205.74,78.6632,-69.8962,317.238,46.3762,118.719,0.505367,18.2367,577.137,923.861,422.495,297.941,455.714,-68.7177,50.1396,182.098,-58.1615,9.01577,-64.4751,1.24821,10.7389,-33.4992,0,26.1205,-302.382,51.1405,-778.741,904.956,-803.739,1004.59,1386.91,2195.22,1799.37,1780.14,1042.62,803.738,141.721,2054.08,2.81261,7.63377,696.067,384.715,733.74,208.373,745.616,-332.257,373.097,948.044,854.507,211.691,3.50855,-481.953,1009.66,481.971,
48.5067,0,164.034,0,37.1757,0,197.216,0,0,-0.507072,233.11,134.201,201.476,187.652,356.919,222.897,115.933,132.511,100.691,105.813,-19.1166,46.3762,267.046,-20.6139,-0.0805611,155.204,952.276,934.431,642.29,336.503,475.732,66.9244,168.09,111.449,-11.278,-0.994903,-25.2451,30.2357,5.57989,16.3734,0,14.8368,-41.1339,612.241,-433.038,767.967,392.914,1071.74,981.994,795.855,669.219,646.936,634.567,124.946,-159.942,632.423,2.8817,58.9905,597.003,1233.21,1620.32,1567.7,1272.11,1451.43,1245.64,1776.72,854.521,169.989,651.235,57.0629,701.798,788.814,
106.425,0,45.3708,0,33.3935,0,321.523,0,0,14.3884,77.2423,938.898,1578.14,1622.18,995.664,1098.1,833.745,422.943,463.804,271.442,291.142,118.719,-20.6139,647.452,-0.275973,-118.402,-162.524,191.284,485.904,686.131,17.1171,558.662,24.6488,156.326,116.844,66.5919,102.365,15.062,8.88059,60.0816,0,-8.46374,134.323,-67.7962,2454.91,2238.31,5413.04,3523.7,4109.68,4851.43,4408.44,3714.98,3341.86,2657.31,3004.35,5682.53,14.6442,-67.4089,-521.21,-872.531,-1257.66,-1817.44,-1484.28,-1003.1,-1714.78,-1327.77,186.39,799.579,50.6652,769.194,-186.641,-38.5961,
0.239194,0,0.279716,0,0.0578074,0,0.123201,0,0,0.0840973,0.325695,0.405229,-2.0166,-0.0966834,1.06176,-0.991036,-0.704281,-0.174832,0.336175,-0.170351,-0.633963,0.505367,-0.0805611,-0.275973,0.0704917,0.219808,1.30159,2.94366,-0.304555,0.114487,1.36869,-1.21403,-0.584795,0.26841,-0.366809,0.112621,-0.417843,-0.0750414,0.0317768,-0.473175,0,0.095581,-1.15301,0.868174,-0.127138,7.47868,-6.83416,4.22881,3.58553,3.04465,1.84051,0.862385,-2.88376,-2.48688,-6.10157,-3.16501,-0.00543913,0.000120925,3.55792,2.54456,2.70805,2.0162,5.74388,-2.41973,2.80697,1.58957,0.465462,-2.20055,-0.918305,-3.70977,1.98492,0.759099,
160.8,0,765.151,0,164.469,0,393.578,0,0,33.0647,773.216,1488.81,1744.9,1244.98,1472.09,796.554,504.533,446.018,82.2031,53.1113,71.6384,18.2367,155.204,-118.402,0.219808,1243.41,3908.35,3472.9,2557.39,1546.5,1069.21,398.326,481.564,94.9377,185.838,48.6433,17.7973,51.0469,3.60791,83.7804,0,32.7904,419.445,2618.89,3211.68,3992.32,3399.4,5376.71,3810.65,2651.85,1737.48,704.392,727.2,728.695,-298.671,-1271.91,17.3014,103.741,2179.78,4490.01,6547.72,7486.99,6800.95,6848.99,6422.43,4690.26,2631.08,1840.89,1575.37,396.548,891.087,1989.1,
1042.67,0,3766.22,0,899.178,0,3026.97,0,0,136.582,4786.42,8370.41,10270.5,7142.82,8755.94,5068.06,2756.62,2940.91,939.859,492.427,-45.0506,577.137,952.276,-162.524,1.30159,3908.35,22497.4,20115.2,14339.3,8059.87,6336.84,1571.11,2463.8,813.95,349.686,187.697,-227.416,120.862,51.4821,337.126,0,206.16,1047.91,15504.1,16934.7,28459.8,23948.4,34835.7,28204.3,23432,14303.4,12694.7,7613.85,5130.36,279.243,-1449.84,90.3603,611.224,14539,26859.6,35917.7,39145.3,36177.3,33971.1,29542,26410.4,15725.7,8849.12,7750.49,743.07,7193.13,8560.09,
1218.45,0,3501.43,0,960.726,0,3458.59,0,0,177.303,4943.32,9187.42,10962,9003.8,10191.3,5920.33,3678.08,3280,1673.38,841.458,19.1657,923.861,934.431,191.284,2.94366,3472.9,20115.2,22287.9,14162.6,8503.13,6921.79,1438.45,2097.96,1138.33,160.853,235.254,-316.468,78.4126,73.1325,158.947,0,209.369,90.2688,12765.5,13774,28713.3,21935.7,33825.5,29545.6,25907.8,18395.9,15730.2,9206.55,6046.99,543.835,3749.22,81.3638,487.75,13008,22318.4,29754.8,32010.1,30861.6,25854.6,24659,23583.7,14296.3,6964.58,6402.09,-549.437,7652.62,7510.79,
881.46,0,2915.6,0,689.939,0,2784.09,0,0,80.4276,3220.73,7355.42,10098,7893.8,8087.57,5733.7,3735.42,2820.52,1325.81,875.046,673.208,422.495,642.29,485.904,-0.304555,2557.39,14339.3,14162.6,12692.4,7153.75,4668.49,2585.32,2094.54,775.215,654.606,240.853,131.317,155.667,110.027,464.908,0,74.0775,1136.37,9434.55,14395.6,19251.2,23139.7,25918.1,22606.5,20996,14319.3,13143.3,9942.23,7511.78,4976.11,6608.37,59.4844,313.365,7313.12,15219.9,20143.1,23003.1,21182.3,22201.7,17559.8,14813.5,9991.48,8058.27,5673.71,3041.67,3603.27,5704.48,
553.556,0,1645.55,0,449.428,0,1905.14,0,0,103.11,1812.46,5193.99,7259.84,6461.31,5820.21,4449.41,3255.26,1787.87,1337.24,797.727,918.182,297.941,336.503,686.131,0.114487,1546.5,8059.87,8503.13,7153.75,6224.33,2801.19,2196.76,1158.26,665.287,604.819,295.882,263.112,127.302,34.1517,293.85,0,36.4774,959.434,3862.24,10789.6,11459.2,17472,17240.1,15521.5,14839.2,11883.8,9517.09,8149.53,6601.44,5335.84,8298.19,54.0195,23.9818,2643.27,6376.63,9053.59,11360.8,10273.1,11598.1,9581.84,6741.91,5486.3,5428.64,3352.33,2383.61,1228.2,3892.99,
372.008,0,1063.38,0,366.373,0,1368.89,0,0,49.292,1577.38,2248.95,3111.45,3104.75,3748.69,1926.41,1476.47,1265.98,881.255,619.519,139.041,455.714,475.732,17.1171,1.36869,1069.21,6336.84,6921.79,4668.49,2801.19,3884.83,687.733,1025.79,662.54,84.8888,150.905,-89.3786,106.383,127.935,-26.9878,0,24.9625,-530.349,3037.87,833.472,7788.81,2853.94,9505.35,9897.88,7448.64,7334.5,6469.79,3579.13,2085.21,-484.882,4868.13,-43.3237,165.938,3792.93,6049.94,8123.29,8732.17,9416.95,6737.05,7830.7,8872.68,5215.93,1762.8,3137.82,297.266,3109.87,4270.56,
194.391,0,675.417,0,159.213,0,673.35,0,0,9.88687,296.452,2354.42,4182.41,3739.55,2594.5,2528.2,2078.59,773.061,802.163,667.261,990.51,-68.7177,66.9244,558.662,-1.21403,398.326,1571.11,1438.45,2585.32,2196.76,687.733,2409.15,605.537,186.807,570.723,217.423,379.293,111.225,86.4806,237.063,0,-79.2702,857.629,877.493,7031.48,4348.81,12737.6,8072.05,8428.76,7052.24,7163.17,5567.58,5658.79,4598.83,5331.83,8390.87,-7.82889,-69.6084,-1427.18,-469.015,-901.825,229.004,-297.241,2515.78,322.23,-672.7,702.986,2554.76,1836.82,3365.5,-1702.46,1226.69,
108.858,0,503.235,0,129.285,0,450.267,0,0,-8.54015,468.952,740.465,1551.93,1076.04,1285.79,913.621,710.722,608.584,213.604,246.492,223.822,50.1396,168.09,24.6488,-0.584795,481.564,2463.8,2097.96,2094.54,1158.26,1025.79,605.537,983.267,172.934,208.493,55.8337,86.1869,70.8065,68.5653,116.751,0,-16.4616,167.874,1129.45,719.842,699.121,1323.31,2304.95,2329.32,2059.6,1477.55,2080.22,1587.19,1533.56,889.77,1969.02,-32.3324,55.4511,1062.46,2178.64,3084.68,4076.6,3687.63,4401.2,3614,2871.78,1929.02,1750.27,1530.89,1228.97,567.732,1844.53,
56.5488,0,-17.5315,0,76.0871,0,384.969,0,0,15.5588,278.056,337.729,607.584,816.914,860.854,545.888,475.282,356.185,360.077,240.211,97.4175,182.098,111.449,156.326,0.26841,94.9377,813.95,1138.33,775.215,665.287,662.54,186.807,172.934,468.179,32.9108,36.4037,15.8229,50.3786,20.8809,9.54904,0,10.4577,-178.426,-139.361,-824.416,423.276,23.2466,1293.95,1749.16,2417.69,2380.8,2206.19,1905.05,1360.64,712.701,3692.78,-9.97196,4.27332,80.4192,-130.473,274.822,88.0892,369.789,346.035,747.298,1012.76,1012.91,663.464,561.591,272.626,869.14,1290.18,
22.6236,0,132.316,0,39.3732,0,83.1101,0,0,2.36384,-0.918796,534.514,1020.75,933.158,642.861,590.943,577.463,197.488,170.695,158.982,321.723,-58.1615,-11.278,116.844,-0.366809,185.838,349.686,160.853,654.606,604.819,84.8888,570.723,208.493,32.9108,395.879,61.6003,151.15,56.4257,26.3694,98.6328,0,-30.2486,406.178,-98.1028,2029.3,12.8794,2721.49,1444.06,1335.03,1395.03,1370.7,930.301,1439.66,1513.17,1554.95,2367.59,-10.3375,-48.3691,-704.31,-510.097,-467.469,245.036,353.245,1554.6,851.252,-607.611,8.00711,1248.02,590.083,1333.1,-683.334,814.653,
21.316,0,75.8707,0,24.9497,0,72.1563,0,0,6.16752,43.0908,333.678,533.502,535.473,400.202,312.724,301.589,88.6448,157.54,87.9622,150.315,9.01577,-0.994903,66.5919,0.112621,48.6433,187.697,235.254,240.853,295.882,150.905,217.423,55.8337,36.4037,61.6003,136.778,45.9144,6.26294,16.549,-2.25176,0,-14.6023,45.0882,-46.0017,1013.87,785.285,1413.19,1340.53,1525.1,1096.44,1239.88,985.17,689.526,626.347,623.539,1245.29,-7.08966,-28.3938,-115.178,-151.726,-332.641,-42.3093,11.737,-45.6882,63.6982,-96.2067,100.409,186.182,236.271,300.006,-280.523,217.228,
-8.66309,0,-30.1933,0,10.3461,0,0.463938,0,0,-3.86173,-76.6936,247.424,647.126,602.337,298.439,359.912,380.634,93.3819,134.159,135.399,231.823,-64.4751,-25.2451,102.365,-0.417843,17.7973,-227.416,-316.468,131.317,263.112,-89.3786,379.293,86.1869,15.8229,151.15,45.9144,195.729,32.0795,15.3427,54.5055,0,-30.1019,277.379,-284.399,1184.3,-318.454,1930.95,602.46,738.662,753.914,989.081,641.44,1065.93,1052.77,1268.88,2151.37,-13.17,-49.0381,-779.708,-893.441,-1160.8,-779.76,-755.793,234.014,-244.442,-1030.2,-292.527,625.797,287.51,1010.35,-696.611,417.757,
1.2342,0,-7.66102,0,16.181,0,42.4946,0,0,-0.393538,19.7088,13.9867,122.675,201.899,165.174,104.31,110.919,58.686,76.1568,82.5583,51.9353,1.24821,30.2357,15.062,-0.0750414,51.0469,120.862,78.4126,155.667,127.302,106.383,111.225,70.8065,50.3786,56.4257,6.26294,32.0795,84.4614,3.05496,23.6955,0,-5.74769,64.1919,-80.485,-205.371,-300.437,72.7799,34.7675,67.2122,167.9,372.594,135.528,495.779,341.324,237.108,975.499,-6.15686,-2.66124,-262.657,-200.445,-72.3927,-68.3575,45.5421,455.19,308.097,82.9561,109.291,269.868,288.959,369.63,53.7729,543.43,
9.93512,0,19.068,0,14.0837,0,37.7426,0,0,-4.11422,23.4645,53.7477,169.143,160.55,150.376,97.1283,131.332,54.7889,51.8693,59.7844,72.6153,10.7389,5.57989,8.88059,0.0317768,3.60791,51.4821,73.1325,110.027,34.1517,127.935,86.4806,68.5653,20.8809,26.3694,16.549,15.3427,3.05496,76.4982,2.19035,0,-12.4693,-30.0931,-36.6365,200.891,181.426,219.514,270.248,599.776,310.003,390.264,559.112,207.478,221.725,163.319,794.142,-13.6261,-7.94299,-1.33341,-156.335,-408.742,-178.23,-27.0574,-153.609,-83.3964,-74.3938,-25.0384,66.2402,145.695,235.893,-92.5645,130.137,
12.9175,0,86.5452,0,9.67738,0,75.5804,0,0,-9.63795,17.2487,206.83,408.471,225.383,194.826,289.11,190.467,115.578,3.79045,37.8075,88.2019,-33.4992,16.3734,60.0816,-0.473175,83.7804,337.126,158.947,464.908,293.85,-26.9878,237.063,116.751,9.54904,98.6328,-2.25176,54.5055,23.6955,2.19035,184.004,0,0.119569,256.78,282.937,861.465,-261.31,1380.56,370.746,41.7185,707.109,-7.83893,213.91,640.513,682.636,756.273,572.601,7.40545,6.407,-118.407,239.07,390.841,690.545,462.462,1449.55,625.23,-53.1597,122.208,791.296,236.19,602.858,-84.6673,253.902,
0,0,0,0,0,0,0,0,0,0,0,0,0,0,0,0,0,0,0,0,0,0,0,0,0,0,0,0,0,0,0,0,0,0,0,0,0,0,0,0,0.133719,0,0,0,0,0,0,0,0,0,0,0,0,0,0,0,0,0,0,0,0,0,0,0,0,0,0,0,0,0,0,0,
7.37685,0,19.1552,0,0.307953,0,27.0806,0,0,4.2236,43.2086,-12.4831,-129.955,-130.515,-42.7366,-45.0394,-79.156,0.940337,-36.4057,-40.1826,-62.4927,26.1205,14.8368,-8.46374,0.095581,32.7904,206.16,209.369,74.0775,36.4774,24.9625,-79.2702,-16.4616,10.4577,-30.2486,-14.6023,-30.1019,-5.74769,-12.4693,0.119569,0,40.8538,25.4162,336.109,91.7055,262.126,-211.104,87.4763,-167.457,70.3632,-225.436,-178.415,-148.546,-112.132,-228.216,-467.202,11.6087,22.6622,492.288,675.137,892.623,767.125,648.607,501.326,530.567,512.409,272.559,88.387,-30.6424,-238.454,302.119,25.981,
37.6756,0,332.495,0,24.1257,0,-12.9691,0,0,-5.36361,4.3865,1137.35,1765.47,1095.83,560.591,663.769,476.32,84.3964,-37.5689,10.0919,404.765,-302.382,-41.1339,134.323,-1.15301,419.445,1047.91,90.2688,1136.37,959.434,-530.349,857.629,167.874,-178.426,406.178,45.0882,277.379,64.1919,-30.0931,256.78,0,25.4162,2797.2,5400.14,11886.9,7121.84,13355.2,8212.18,4702.65,4500.66,1606.2,365.708,2118.85,2168.52,2827.28,1639.22,37.0422,73.0787,3365.85,6539.71,6954.92,7384.52,6049.37,8843.24,4718.3,714.082,879.136,3280.6,1431.87,2741.05,-1295.98,1237.66,
791.427,0,3050.15,0,434.925,0,1875.52,0,0,39.1498,3522.61,6904.86,7488.18,3645.43,4567.49,1944.72,-203.283,1655.89,24.9889,-381.648,-724.307,51.1405,612.241,-67.7962,0.868174,2618.89,15504.1,12765.5,9434.55,3862.24,3037.87,877.493,1129.45,-139.361,-98.1028,-46.0017,-284.399,-80.485,-36.6365,282.937,0,336.109,5400.14,50334.8,66917,87364.1,87973.5,89986.1,73889.2,59684,38284,30311.1,19412.5,10120.7,6742.06,13004.4,169.788,1338.64,32341.1,56273.3,65900.8,59118.8,57040.8,52303.1,34342.8,34723.4,21723.5,13712.3,11933.3,5062.35,6775.83,8224.25,
1540.53,0,4640.01,0,740.442,0,2537.17,0,0,264.406,3826,19121.3,24000,18320.4,12991.4,10267.3,7634.93,2231.88,2434.68,939.064,3901.28,-778.741,-433.038,2454.91,-0.127138,3211.68,16934.7,13774,14395.6,10789.6,833.472,7031.48,719.842,-824.416,2029.3,1013.87,1184.3,-205.371,200.891,861.465,0,91.7055,11886.9,66917,174922,171857,223797,199947,175139,141048,101519,79611,55316.9,35709.3,37169.9,58285.5,332.779,737.283,35753.1,71711,76235.1,80879.5,82522.2,79469.6,44520.1,30931.3,27544.2,31785.1,19448.3,18932.1,-4537.74,9617.99,
2526.35,0,6324.23,0,1154.46,0,5275.24,0,0,389.437,8264.63,22627.5,26183.6,21632.3,18014.5,10433.9,5769.75,3994.98,4242.16,1564.68,1038.26,904.956,767.967,2238.31,7.47868,3992.32,28459.8,28713.3,19251.2,11459.2,7788.81,4348.81,699.121,423.276,12.8794,785.285,-318.454,-300.437,181.426,-261.31,0,262.126,7121.84,87364.1,171857,252102,261590,264417,239724,187987,149975,114109,73768.4,39470.9,33877.6,75274.4,361.422,1616.51,51367.2,99360,112158,101860,107674,85995.2,54653,63881.6,45937,26272.9,26152.8,12048.5,9770.17,14681.6,
2640.58,0,6508.94,0,1167.27,0,5696.59,0,0,265.423,6954.91,30903.6,42515,34736,23393.8,20505.4,14547.6,5020.58,6670.26,4080.59,6215.65,-803.739,392.914,5413.04,-6.83416,3399.4,23948.4,21935.7,23139.7,17472,2853.94,12737.6,1323.31,23.2466,2721.49,1413.19,1930.95,72.7799,219.514,1380.56,0,-211.104,13355.2,87973.5,223797,261590,374728,314282,289973,236510,189328,146771,111251,65967.3,71772.7,123058,456.032,758.784,31691.2,84333.3,90210.2,91311,90736.8,98242.1,43071.7,44708.6,41941.3,41466.8,32356.3,32632.6,-4898.16,14059.1,
2566.25,0,6338.11,0,1586.21,0,6275.64,0,0,426.661,9511.92,27669.2,34985.5,29076,24440,15706.3,10923.8,6704.15,6365.92,2902.9,3073.16,1004.59,1071.74,3523.7,4.22881,5376.71,34835.7,33825.5,25918.1,17240.1,9505.35,8072.05,2304.95,1293.95,1444.06,1340.53,602.46,34.7675,270.248,370.746,0,87.4763,8212.18,89986.1,199947,264417,314282,334822,293733,243523,194364,152939,107493,63864,55134.3,118545,299.743,1323.18,43297.1,95674.9,114015,113275,123182,111130,71036.9,71931,58401,43522.4,34846.1,22968.2,10686.7,26883.8,
2428.56,0,5212.89,0,1571.64,0,6225.92,0,0,365.669,8562.25,25743.7,34824.5,30341.6,24535.4,16753,12658,6861.01,7421.38,4112.73,3911.45,1386.91,981.994,4109.68,3.58553,3810.65,28204.3,29545.6,22606.5,15521.5,9897.88,8428.76,2329.32,1749.16,1335.03,1525.1,738.662,67.2122,599.776,41.7185,0,-167.457,4702.65,73889.2,175139,239724,289973,293733,296929,231736,196357,156957,108661,64837.6,57589.4,131769,49.4186,686.466,30577.5,70687.4,83488,83586.4,97357.9,84038.5,52263,62553.5,53432.5,38189.6,33612.3,23294.2,8505.4,24591.9,
2049.84,0,2908.98,0,1276.03,0,6228.7,0,0,272.636,7036.11,21721.1,29102.5,25499.6,22158.1,15693.2,11490.1,8242.52,6896.2,3196.31,2878.85,2195.22,795.855,4851.43,3.04465,2651.85,23432,25907.8,20996,14839.2,7448.64,7052.24,2059.6,2417.69,1395.03,1096.44,753.914,167.9,310.003,707.109,0,70.3632,4500.66,59684,141048,187987,236510,243523,231736,226823,168385,142240,104251,68412.5,57117.3,128779,158.088,443.359,23467.1,53773.4,67339.7,67232.8,82889.2,78159.1,47704.2,46949.3,46690.4,42946.9,25938.3,21703.5,12493.1,23614.4,
1691.8,0,1954.16,0,1159.91,0,4986.32,0,0,359.003,5456.6,17791.7,26238.1,25997.7,19566.2,14252.5,11687.9,6522.83,7371.52,4431.62,3505.04,1799.37,669.219,4408.44,1.84051,1737.48,14303.4,18395.9,14319.3,11883.8,7334.5,7163.17,1477.55,2380.8,1370.7,1239.88,989.081,372.594,390.264,-7.83893,0,-225.436,1606.2,38284,101519,149975,189328,194364,196357,168385,166629,120654,91801.3,58286.9,51379.9,125126,-33.0477,-120.131,8669.59,28112.2,39390,33630,48209,43017.6,27391.5,37766.3,38721.9,29697.4,24508.3,20177.4,7667.95,22136.8,
1260.56,0,1176.5,0,928.352,0,4702.85,0,0,128.557,4674.74,13809.3,20764.6,18806.4,15924.5,11870.4,9688.4,6105.08,5832.69,3391.64,2931.74,1780.14,646.936,3714.98,0.862385,704.392,12694.7,15730.2,13143.3,9517.09,6469.79,5567.58,2080.22,2206.19,930.301,985.17,641.44,135.528,559.112,213.91,0,-178.415,365.708,30311.1,79611,114109,146771,152939,156957,142240,120654,115288,74983.5,50038.1,43235,103745,-105.309,63.9928,9766.61,23847.7,28620.8,31402,42140.4,37729.5,23542,30689.5,32419.8,27917.8,19620.6,17219,8196.74,17274.8,
836.567,0,180.962,0,699.006,0,3442.98,0,0,102.151,2981.42,10500.5,16860.4,15973.1,12286.3,10071.6,8254.01,4889.29,4909.17,3206.1,2687.15,1042.62,634.567,3341.86,-2.88376,727.2,7613.85,9206.55,9942.23,8149.53,3579.13,5658.79,1587.19,1905.05,1439.66,689.526,1065.93,495.779,207.478,640.513,0,-148.546,2118.85,19412.5,55316.9,73768.4,111251,107493,108661,104251,91801.3,74983.5,69405.9,42263.6,37960.7,87538.9,2.76743,6.49106,-417.405,10454.7,16575.1,15784.2,22229.1,30150.4,15896.9,18074.5,23065.2,24245.6,15907,17853.2,5089.2,16247.7,
446.877,0,-191.504,0,512.688,0,2304.1,0,0,72.3968,1667.68,7418.63,12659.4,11374,9128.14,7586.26,6595.7,4180.73,3359.28,2004.97,2376.06,803.738,124.946,2657.31,-2.48688,728.695,5130.36,6046.99,7511.78,6601.44,2085.21,4598.83,1533.56,1360.64,1513.17,626.347,1052.77,341.324,221.725,682.636,0,-112.132,2168.52,10120.7,35709.3,39470.9,65967.3,63864,64837.6,68412.5,58286.9,50038.1,42263.6,37465,28724.6,62342.5,-38.624,-224.446,177.947,4705.88,8942.89,10397.5,14701.4,21306.8,13586.9,7963.58,14551.2,20757.7,9562.88,13897.9,2280.23,11986.9,
378.983,0,30.7735,0,269.802,0,1702.53,0,0,22.831,581.734,7291.37,13547.7,11885.8,7142.74,8025.98,6641.96,3001.39,3055.86,2100.19,2956.17,141.721,-159.942,3004.35,-6.10157,-298.671,279.243,543.835,4976.11,5335.84,-484.882,5331.83,889.77,712.701,1554.95,623.539,1268.88,237.108,163.319,756.273,0,-228.216,2827.28,6742.06,37169.9,33877.6,71772.7,55134.3,57589.4,57117.3,51379.9,43235,37960.7,28724.6,34361.1,55584.6,6.0584,-475.528,-4661.17,-1601.81,-1677.26,-609.834,761.889,10983.7,-493.765,-1840.79,8129.76,15558.9,7173.44,13833.8,-3033.36,5488.39,
582.815,0,-3361.67,0,975.89,0,4331.16,0,0,122.572,2326.01,10487.2,21335.2,23673.4,16359.5,13261.9,13332.2,7062.65,8488.7,6188.03,5313.63,2054.08,632.423,5682.53,-3.16501,-1271.91,-1449.84,3749.22,6608.37,8298.19,4868.13,8390.87,1969.02,3692.78,2367.59,1245.29,2151.37,975.499,794.142,572.601,0,-467.202,1639.22,13004.4,58285.5,75274.4,123058,118545,131769,128779,125126,103745,87538.9,62342.5,55584.6,160171,-389.904,-694.982,-7683.53,-9280.06,-10056.3,-14263.3,2123.07,9717.44,-521.186,4772.74,22152.3,29125.8,19227,28267.5,3754.41,26745.2,
11.3127,0,42.6256,0,-5.00309,0,16.4621,0,0,5.14532,14.6905,78.9211,-2.55672,-21.0367,-26.1397,31.1946,-28.8803,-20.8627,-23.5221,-28.502,-19.1743,2.81261,2.8817,14.6442,-0.00543913,17.3014,90.3603,81.3638,59.4844,54.0195,-43.3237,-7.82889,-32.3324,-9.97196,-10.3375,-7.08966,-13.17,-6.15686,-13.6261,7.40545,0,11.6087,37.0422,169.788,332.779,361.422,456.032,299.743,49.4186,158.088,-33.0477,-105.309,2.76743,-38.624,6.0584,-389.904,33.0589,17.2577,152.608,370.18,469.742,389.663,187.769,229.544,155.732,178.756,93.0409,36.558,-60.2158,-141.937,86.7725,-151.942,
12.5022,0,82.3632,0,7.5918,0,53.6407,0,0,-0.331207,144.549,54.4842,-115.464,-265.641,-65.5657,-108.36,-162.859,0.0932107,-92.6064,-45.7143,-102.986,7.63377,58.9905,-67.4089,0.000120925,103.741,611.224,487.75,313.365,23.9818,165.938,-69.6084,55.4511,4.27332,-48.3691,-28.3938,-49.0381,-2.66124,-7.94299,6.407,0,22.6622,73.0787,1338.64,737.283,1616.51,758.784,1323.18,686.466,443.359,-120.131,63.9928,6.49106,-224.446,-475.528,-694.982,17.2577,198.797,1153.12,2061.52,2410.03,2183.68,1623.22,1568.51,1313.91,1670.05,816.658,244.206,341.82,-76.6192,544.499,189.971,
681.043,0,2694.56,0,391.036,0,1730.77,0,0,102.622,3240.8,3528.87,2440.42,-86.9174,2636.62,-218.619,-1736.4,1399.07,-534.646,-991.36,-1539.41,696.067,597.003,-521.21,3.55792,2179.78,14539,13008,7313.12,2643.27,3792.93,-1427.18,1062.46,80.4192,-704.31,-115.178,-779.708,-262.657,-1.33341,-118.407,0,492.288,3365.85,32341.1,35753.1,51367.2,31691.2,43297.1,30577.5,23467.1,8669.59,9766.61,-417.405,177.947,-4661.17,-7683.53,152.608,1153.12,41607.8,56706.6,63689.4,58581.6,54681.8,40505.4,33995.5,31881.5,19040.6,7493.19,6262.72,-2725.8,9788.58,6151.62,
1263.29,0,5592.49,0,621.565,0,2982.12,0,0,172.052,5723.87,8143.91,7279.98,1717.08,5340.8,1361.46,-2038.18,2068.96,-876.559,-1314.13,-1940.66,384.715,1233.21,-872.531,2.54456,4490.01,26859.6,22318.4,15219.9,6376.63,6049.94,-469.015,2178.64,-130.473,-510.097,-151.726,-893.441,-200.445,-156.335,239.07,0,675.137,6539.71,56273.3,71711,99360,84333.3,95674.9,70687.4,53773.4,28112.2,23847.7,10454.7,4705.88,-1601.81,-9280.06,370.18,2061.52,56706.6,102586,111094,105530,96270.5,82522.9,63735.1,58841.3,35546.9,17803,15911.8,906.736,14741.9,12554.9,
1413.05,0,6684.52,0,867.72,0,3683.86,0,0,312.383,7293.07,9093.82,7618.44,1587.62,6667.76,1427.49,-2803.4,3424.78,-1238.96,-1836.99,-3101.66,733.74,1620.32,-1257.66,2.70805,6547.72,35917.7,29754.8,20143.1,9053.59,8123.29,-901.825,3084.68,274.822,-467.469,-332.641,-1160.8,-72.3927,-408.742,390.841,0,892.623,6954.92,65900.8,76235.1,112158,90210.2,114015,83488,67339.7,39390,28620.8,16575.1,8942.89,-1677.26,-10056.3,469.742,2410.03,63689.4,111094,149753,130633,121106,108049,87382.9,79861.2,49782.2,26083.8,21299.4,809.188,21926,20480,
1227.8,0,6813.17,0,1024.43,0,3381.64,0,0,245.94,7522.3,10129.3,8903.52,1256.79,7712.27,2277.89,-975.94,2974.24,-1737.91,-1761.45,-1628.35,208.373,1567.7,-1817.44,2.0162,7486.99,39145.3,32010.1,23003.1,11360.8,8732.17,229.004,4076.6,88.0892,245.036,-42.3093,-779.76,-68.3575,-178.23,690.545,0,767.125,7384.52,59118.8,80879.5,101860,91311,113275,83586.4,67232.8,33630,31402,15784.2,10397.5,-609.834,-14263.3,389.663,2183.68,58581.6,105530,130633,147342,125983,117556,97942.7,79139.6,49393.9,32259.7,23555.9,4245.73,18896.9,22445.6,
1364.94,0,6178.18,0,1041.63,0,3159.05,0,0,264.968,6986.68,9798.26,8432.88,3294.13,9663.3,2069.06,-486.032,3905.01,-769.865,-1365.77,-1866.43,745.616,1272.11,-1484.28,5.74388,6800.95,36177.3,30861.6,21182.3,10273.1,9416.95,-297.241,3687.63,369.789,353.245,11.737,-755.793,45.5421,-27.0574,462.462,0,648.607,6049.37,57040.8,82522.2,107674,90736.8,123182,97357.9,82889.2,48209,42140.4,22229.1,14701.4,761.889,2123.07,187.769,1623.22,54681.8,96270.5,121106,125983,137395,112696,93893,73670.7,48623.6,32991.4,23264.4,5019.39,19758.2,26132.4,
861.388,0,5302.52,0,930.631,0,2764.41,0,0,98.665,5959.93,9325.72,10421.2,3583.43,8528.28,3721.84,973.173,3728.16,-920.026,-738.998,-497.042,-332.257,1451.43,-1003.1,-2.41973,6848.99,33971.1,25854.6,22201.7,11598.1,6737.05,2515.78,4401.2,346.035,1554.6,-45.6882,234.014,455.19,-153.609,1449.55,0,501.326,8843.24,52303.1,79469.6,85995.2,98242.1,111130,84038.5,78159.1,43017.6,37729.5,30150.4,21306.8,10983.7,9717.44,229.544,1568.51,40505.4,82522.9,108049,117556,112696,128361,91040.5,65260.8,44864.7,39818.7,25615,14518.4,15058.9,28138.3,
494.503,0,3756.47,0,900.897,0,2145.37,0,0,239.833,5298.99,5698.48,4129.68,164.986,6468.12,896.26,34.4384,2789.14,-1087.23,-996.405,-936.066,373.097,1245.64,-1714.78,2.80697,6422.43,29542,24659,17559.8,9581.84,7830.7,322.23,3614,747.298,851.252,63.6982,-244.442,308.097,-83.3964,625.23,0,530.567,4718.3,34342.8,44520.1,54653,43071.7,71036.9,52263,47704.2,27391.5,23542,15896.9,13586.9,-493.765,-521.186,155.732,1313.91,33995.5,63735.1,87382.9,97942.7,93893,91040.5,89472,59505.7,39174.4,30822.1,20182.3,6736.71,16135.7,25929.2,
775.708,0,4112.12,0,802.346,0,2986.28,0,0,204.612,5846.35,4886.58,3757.08,477.92,5167.28,1219.73,-729.48,2405.96,-299.778,-156.409,-1803.2,948.044,1776.72,-1327.77,1.58957,4690.26,26410.4,23583.7,14813.5,6741.91,8872.68,-672.7,2871.78,1012.76,-607.611,-96.2067,-1030.2,82.9561,-74.3938,-53.1597,0,512.409,714.082,34723.4,30931.3,63881.6,44708.6,71931,62553.5,46949.3,37766.3,30689.5,18074.5,7963.58,-1840.79,4772.74,178.756,1670.05,31881.5,58841.3,79861.2,79139.6,73670.7,65260.8,59505.7,69881,38809.8,17408.1,18923.6,480.272,18850.1,18907.6,
467.104,0,1852.77,0,593.806,0,2273.28,0,0,176.498,3668.49,4598,5617.59,3394.37,5129.48,2614.65,1199.03,2677.92,754.701,291.922,-539.286,854.507,854.521,186.39,0.465462,2631.08,15725.7,14296.3,9991.48,5486.3,5215.93,702.986,1929.02,1012.91,8.00711,100.409,-292.527,109.291,-25.0384,122.208,0,272.559,879.136,21723.5,27544.2,45937,41941.3,58401,53432.5,46690.4,38721.9,32419.8,23065.2,14551.2,8129.76,22152.3,93.0409,816.658,19040.6,35546.9,49782.2,49393.9,48623.6,44864.7,39174.4,38809.8,33228.9,17213.7,13545.9,4072.88,12194.6,15013.8,
123.835,0,352.539,0,402.133,0,1301.63,0,0,61.071,1645.62,4387.53,6452.47,4142.68,4749.13,3585.43,3045.23,2538.24,655.143,436.216,1109.29,211.691,169.989,799.579,-2.20055,1840.89,8849.12,6964.58,8058.27,5428.64,1762.8,2554.76,1750.27,663.464,1248.02,186.182,625.797,269.868,66.2402,791.296,0,88.387,3280.6,13712.3,31785.1,26272.9,41466.8,43522.4,38189.6,42946.9,29697.4,27917.8,24245.6,20757.7,15558.9,29125.8,36.558,244.206,7493.19,17803,26083.8,32259.7,32991.4,39818.7,30822.1,17408.1,17213.7,26416,10029.6,10912.3,4593.03,12870.6,
243.48,0,1141.8,0,361.401,0,1135.7,0,0,26.2258,1774.5,2874.92,4538.55,3567.43,3631.46,2208.35,1871.14,1155.54,955.182,957.68,743.655,3.50855,651.235,50.6652,-0.918305,1575.37,7750.49,6402.09,5673.71,3352.33,3137.82,1836.82,1530.89,561.591,590.083,236.271,287.51,288.959,145.695,236.19,0,-30.6424,1431.87,11933.3,19448.3,26152.8,32356.3,34846.1,33612.3,25938.3,24508.3,19620.6,15907,9562.88,7173.44,19227,-60.2158,341.82,6262.72,15911.8,21299.4,23555.9,23264.4,25615,20182.3,18923.6,13545.9,10029.6,13354.9,6973.91,3470.24,10808.4,
-43.3368,0,-222.953,0,202.348,0,375.484,0,0,-80.0595,132.143,2684.07,6069.93,5116.61,3366.61,3088.32,3274.68,1206.68,1180.69,1320.43,1907.88,-481.953,57.0629,769.194,-3.70977,396.548,743.07,-549.437,3041.67,2383.61,297.266,3365.5,1228.97,272.626,1333.1,300.006,1010.35,369.63,235.893,602.858,0,-238.454,2741.05,5062.35,18932.1,12048.5,32632.6,22968.2,23294.2,21703.5,20177.4,17219,17853.2,13897.9,13833.8,28267.5,-141.937,-76.6192,-2725.8,906.736,809.188,4245.73,5019.39,14518.4,6736.71,480.272,4072.88,10912.3,6973.91,14374.6,-3133.19,7407.43,
227.296,0,302.075,0,217.472,0,1328.76,0,0,73.5003,1892.41,-349.318,-1925.25,-1713.61,978.714,-596.103,-1211.92,1207.21,-9.43839,-195.931,-1538.75,1009.66,701.798,-186.641,1.98492,891.087,7193.13,7652.62,3603.27,1228.2,3109.87,-1702.46,567.732,869.14,-683.334,-280.523,-696.611,53.7729,-92.5645,-84.6673,0,302.119,-1295.98,6775.83,-4537.74,9770.17,-4898.16,10686.7,8505.4,12493.1,7667.95,8196.74,5089.2,2280.23,-3033.36,3754.41,86.7725,544.499,9788.58,14741.9,21926,18896.9,19758.2,15058.9,16135.7,18850.1,12194.6,4593.03,3470.24,-3133.19,11485.4,6555.67,
43.3935,0,15.0474,0,524.875,0,1256.37,0,0,64.6554,1842.16,1125.87,2586.13,3030,4264.14,1303.28,1701.03,1956.86,1338.83,1163.04,477.115,481.971,788.814,-38.5961,0.759099,1989.1,8560.09,7510.79,5704.48,3892.99,4270.56,1226.69,1844.53,1290.18,814.653,217.228,417.757,543.43,130.137,253.902,0,25.981,1237.66,8224.25,9617.99,14681.6,14059.1,26883.8,24591.9,23614.4,22136.8,17274.8,16247.7,11986.9,5488.39,26745.2,-151.942,189.971,6151.62,12554.9,20480,22445.6,26132.4,28138.3,25929.2,18907.6,15013.8,12870.6,10808.4,7407.43,6555.67,20238.7,
