87.196,0,213.951,0,61.824,0,207.961,0,0,10.1307,246.855,623.796,925.424,835.905,736.617,530.462,385.258,234.201,171.467,116.587,87.8486,45.9352,42.4797,72.1476,0.0292732,166.09,938.971,1015.17,792.569,533.187,352.974,213.467,140.42,71.458,49.6686,27.9599,17.8722,14.5566,12.5616,18.7065,0,-0.24498,50.9906,432.722,894.654,1239.03,1545.79,1592.25,1548.48,1313.94,1152.18,880.514,702.467,490.186,367.399,759.564,-0.799084,4.86885,352.048,672.142,919.406,962.085,965.762,886.556,677.692,643.607,465.42,320.735,299.969,171.782,119.135,292.353,
0,0,0,0,0,0,0,0,0,0,0,0,0,0,0,0,0,0,0,0,0,0,0,0,0,0,0,0,0,0,0,0,0,0,0,0,0,0,0,0,0,0,0,0,0,0,0,0,0,0,0,0,0,0,0,0,0,0,0,0,0,0,0,0,0,0,0,0,0,0,0,0,
213.951,0,603.177,0,146.323,0,606.903,0,0,25.6724,569.137,1406.59,2174.86,1997.59,1795.68,1312.95,955.703,587.77,439.828,300.033,247.606,127.25,122.701,194.79,0.0600044,409.829,2326.65,2482.83,2075.83,1426.86,970.719,620.054,412.309,208.363,152.057,76.2524,52.2413,45.5676,39.602,60.683,0,0.316028,143.448,1074.66,2206.34,2858.94,3678.07,3825.85,3793.04,3279.52,2915.04,2305.03,1817.74,1326.55,1009.67,2121.08,-3.20619,8.71466,972.663,1824.18,2502.62,2608.81,2655.35,2497.51,1899.51,1780.12,1304.39,933.86,898.916,504.494,366.401,932.748,
0,0,0,0,0,0,0,0,0,0,0,0,0,0,0,0,0,0,0,0,0,0,0,0,0,0,0,0,0,0,0,0,0,0,0,0,0,0,0,0,0,0,0,0,0,0,0,0,0,0,0,0,0,0,0,0,0,0,0,0,0,0,0,0,0,0,0,0,0,0,0,0,
61.824,0,146.323,0,54.6655,0,156.137,0,0,7.60548,204.523,514.431,755.006,659.679,587.911,406.258,293.128,176.596,129.837,83.4071,65.0321,33.2441,25.5681,48.5991,0.0205841,132.999,767.733,826.752,632.462,410.753,266.552,156.217,94.8714,50.7338,35.2711,18.8372,10.6763,9.83851,9.00496,13.848,0,0.191535,47.7097,426.132,868.867,1197.46,1456.91,1483.38,1407.42,1158.71,984.579,745.64,580.586,398.876,311.229,603.326,-0.426313,4.84443,284.389,513.403,694.124,743.772,755.755,698.842,506.66,492.643,366.857,262.599,215.782,136.939,92.7721,219.633,
0,0,0,0,0,0,0,0,0,0,0,0,0,0,0,0,0,0,0,0,0,0,0,0,0,0,0,0,0,0,0,0,0,0,0,0,0,0,0,0,0,0,0,0,0,0,0,0,0,0,0,0,0,0,0,0,0,0,0,0,0,0,0,0,0,0,0,0,0,0,0,0,
207.961,0,606.903,0,156.137,0,781.19,0,0,27.3425,600.563,1520.97,2326.45,2137.73,1919.03,1363.1,980.957,607.325,453.093,300.469,251.845,133.131,113.967,192.176,0.0899159,440.014,2580.4,2800.07,2412.03,1651.88,1119.4,711.571,441.138,239.574,171.095,79.506,58.2206,47.181,46.4115,75.1598,0,1.17162,160.118,1311.57,2551.34,3623.57,4339.66,4493.02,4306.6,3646.5,3157.6,2500.05,1909.72,1426.04,1069.19,2200.43,-0.649724,15.5253,1011.1,1952.6,2583.43,2719.67,2673.41,2514.42,1977.78,1825.48,1334.66,1003.34,875.356,544.534,380.202,923.418,
0,0,0,0,0,0,0,0,0,0,0,0,0,0,0,0,0,0,0,0,0,0,0,0,0,0,0,0,0,0,0,0,0,0,0,0,0,0,0,0,0,0,0,0,0,0,0,0,0,0,0,0,0,0,0,0,0,0,0,0,0,0,0,0,0,0,0,0,0,0,0,0,
0,0,0,0,0,0,0,0,0,0,0,0,0,0,0,0,0,0,0,0,0,0,0,0,0,0,0,0,0,0,0,0,0,0,0,0,0,0,0,0,0,0,0,0,0,0,0,0,0,0,0,0,0,0,0,0,0,0,0,0,0,0,0,0,0,0,0,0,0,0,0,0,
10.1307,0,25.6724,0,7.60548,0,27.3425,0,0,2.03188,39.0441,92.2386,125.663,106.147,89.7422,58.3745,40.032,26.2555,18.5272,11.7169,8.81219,4.16294,3.97651,8.17196,0.00527158,23.9926,138.326,137.485,105.332,67.6454,41.9533,24.4336,15.6879,6.92457,5.95602,2.89992,2.05112,1.24487,1.25604,1.96167,0,-0.000880035,12.7423,111.085,213.914,290.684,326.714,334.785,299.385,232.681,200.423,152.312,110.765,74.7544,59.4627,116.373,0.173106,2.5914,90.8823,180.255,222.566,223.005,213.997,194.707,143.978,129.333,100.908,69.0122,58.6006,34.6762,22.5691,52.2504,
246.855,0,569.137,0,204.523,0,600.563,0,0,39.0441,993.582,2417.32,3289.27,2766.89,2396.04,1589.67,1132.77,705.216,501.893,313.747,226.329,112.279,92.9343,197.945,0.103386,605.071,3456.63,3632.05,2638.12,1684.93,1032.42,579.318,348.121,174.68,130.119,72.6717,46.0224,28.7729,24.4425,45.9796,0,0.539761,228.39,2323.71,4627.71,6770.6,8000.12,8399.66,7845.23,6483.92,5572.86,4215.32,3135.66,2144.09,1669.36,3292.08,2.16839,33.2673,1501.89,3052.89,4006.06,4291.05,4307.15,3995.08,3018.6,2809.26,2179.5,1545.01,1206.66,776.693,497.511,1133.54,
623.796,0,1406.59,0,514.431,0,1520.97,0,0,92.2386,2417.32,6156.74,8298.7,7049.05,6113.49,4134.13,2969.2,1821.45,1283,807.602,572.329,287.77,238.323,505.451,0.261845,1475.6,8401.36,9051.02,6686.09,4269.14,2673.08,1554.14,882.032,460.34,320.848,183.754,119.129,71.5644,60.4316,116.821,0,0.166309,522.699,5726.75,11075.4,16300.4,19130.6,20263.2,18900.4,15809.8,13473.7,10216.7,7803.23,5211.7,3931.5,8161.26,14.128,147.62,3362.34,7075.84,9200.78,9729.21,9746.92,9011.91,6918.09,6659.35,5139.78,3657.72,2831.75,1919.99,1161.38,2476.4,
925.424,0,2174.86,0,755.006,0,2326.45,0,0,125.663,3289.27,8298.7,11735.3,10189.9,8945.07,6161.68,4445.73,2718.03,1953.82,1249.43,921.637,472.157,397.022,769.939,0.319227,2068.44,11881.7,12869.9,9710.95,6350.01,4053.76,2374.26,1410.98,737.759,513.152,291.669,184.643,126.155,111.304,193.508,0,1.11781,707.565,7150.59,14422.9,20949,25303.1,26638.2,25146,21152.3,18154,13821.5,10556,7238.89,5527.01,11168.7,6.29053,121.989,4564.23,9142.78,12142.4,13103.3,13238,12311.5,9419.49,8895.17,6787.96,4825.28,3848.6,2500.71,1636.92,3682.16,
835.905,0,1997.59,0,659.679,0,2137.73,0,0,106.147,2766.89,7049.05,10189.9,9112.32,8029.28,5672.76,4132.66,2499.45,1799.71,1182.48,866.199,457.908,391.639,718.737,0.246169,1779.01,10185.9,11215.4,8639.48,5785.92,3760.73,2232.49,1351.95,721.481,486.008,278.517,180.764,127.37,110.296,188.981,0,-0.966307,518.346,5048.64,10486.5,15407.8,19087.8,20195.1,19481.7,16624.8,14445,11070.6,8501.38,5967.49,4510.43,9157.78,-1.3713,61.8257,3369.5,6691.47,9165.92,10109.3,10349.6,9635.41,7522.44,7052.4,5295.17,3751.74,3050.74,1940.33,1331.93,3085.66,
736.617,0,1795.68,0,587.911,0,1919.03,0,0,89.7422,2396.04,6113.49,8945.07,8029.28,7212.77,5103.42,3723.52,2269.91,1648.04,1073.52,810.661,425.477,368.683,660.903,0.185555,1552.11,8987.96,9921.07,7747.39,5222.11,3436.38,2066.29,1253.24,670.292,455.885,261.56,168.855,123.859,103.819,179.026,0,-1.42277,476.465,4571.51,9628.36,14140.8,17739.3,18867.7,18351.6,15784.6,13717,10649.5,8183.55,5794.95,4381.21,8951,-2.45615,49.4045,3061.31,6070.26,8383.09,9281,9587.49,9002.14,7031.14,6605.61,4973.2,3555.67,2876.14,1862.28,1282.51,2954.72,
530.462,0,1312.95,0,406.258,0,1363.1,0,0,58.3745,1589.67,4134.13,6161.68,5672.76,5103.42,3744.93,2768.34,1656.3,1209.97,816.539,615.404,329.599,289.743,497.883,0.105093,1060.25,6027.22,6795.59,5404.81,3709.94,2499.7,1546.92,947.301,519.29,342.41,196.771,129.345,100.739,81.326,139.257,0,-3.3457,226.635,2334.75,5102.47,7575.36,10015.9,10802.8,10877.1,9638.81,8501.02,6625.3,5198.54,3750.23,2791.28,5908.64,-4.81794,19.619,1547.7,3134.49,4625.93,5235,5537.34,5236.04,4172.53,3984.99,2942.88,2105.81,1789.99,1142.59,803.249,1925.34,
385.258,0,955.703,0,293.128,0,980.957,0,0,40.032,1132.77,2969.2,4445.73,4132.66,3723.52,2768.34,2085.22,1228.37,898.064,617.726,460.864,249.73,219.355,376.387,0.0567901,772.493,4309.34,4900.1,3909.89,2702.02,1836.35,1150.73,703.07,394.071,255.422,147.709,97.7778,77.983,61.4133,105.123,0,-2.12527,135.514,1515.32,3477.99,5143.27,7052.57,7704.21,7927.02,7183.38,6322.13,4956,3900.96,2800.08,2079.58,4545.57,-4.95759,8.14065,868.058,1803.58,2874.77,3374.91,3749.17,3586.75,2861.14,2795.21,2052.31,1492.06,1273.77,813.481,582.588,1423.99,
234.201,0,587.77,0,176.596,0,607.325,0,0,26.2555,705.216,1821.45,2718.03,2499.45,2269.91,1656.3,1228.37,755.492,550.839,369.555,282.326,151.358,137.803,234.309,0.0540015,476.185,2708.84,3015.14,2418.52,1664.17,1129.76,711.497,437.129,236.641,162.155,94.36,62.4384,47.468,38.3997,63.7706,0,-1.32588,129.973,1376.25,2949.93,4303.17,5610.6,6092.65,6090.07,5391.83,4724.94,3707.46,2893.45,2045.04,1533.96,3334.05,-1.90299,14.9242,815.256,1728.62,2529.1,2810.48,3012.42,2892.45,2276.04,2190.82,1634.32,1198.55,998.204,648.328,443.574,1040.82,
171.467,0,439.828,0,129.837,0,453.093,0,0,18.5272,501.893,1283,1953.82,1799.71,1648.04,1209.97,898.064,550.839,417.671,281.13,224.418,119.722,106.968,180.62,0.0438031,349.762,1965.26,2168.08,1751.42,1209.85,836.773,537.355,334.801,184.67,129.833,73.0549,47.6001,40.4872,32.8018,51.116,0,-0.917179,86.8577,829.281,1865.77,2789.19,3751.29,4081.81,4103.21,3680.63,3257.16,2587.14,2046.17,1497.7,1116.46,2414.21,-1.15568,8.60722,607.555,1218.48,1777.56,2008.25,2089.94,2011.62,1613.2,1532.48,1139.46,822.36,711.859,468.173,333.241,783.105,
116.587,0,300.033,0,83.4071,0,300.469,0,0,11.7169,313.747,807.602,1249.43,1182.48,1073.52,816.539,617.726,369.555,281.13,203.593,158.19,86.1271,75.8206,127.97,0.0177629,229.484,1231.95,1377.9,1119.83,786.171,555.149,365.92,233.625,134.079,91.6208,50.9778,34.0708,31.1432,24.6955,37.4571,0,-0.788633,33.1799,308.517,754.332,1143.86,1709.92,1876.68,2026.91,1903.75,1735.17,1377.73,1129.57,856.957,632.334,1438.27,-2.14586,-1.41367,238.8,474.824,809.051,942.595,1018.49,1005.62,820.124,807.194,582.306,418.562,396.237,256.692,186.997,473.548,
87.8486,0,247.606,0,65.0321,0,251.845,0,0,8.81219,226.329,572.329,921.637,866.199,810.661,615.404,460.864,282.326,224.418,158.19,147.532,75.4637,66.6559,106.309,0.0116379,183.512,957.757,1017.68,886.176,614.897,456.413,323.222,203.124,117.695,87.4946,41.1651,27.3575,31.2655,24.4407,34.242,0,-0.637052,35.405,327.435,754.498,1080.93,1582.4,1727.25,1815.03,1701.87,1512.76,1250.22,1014.77,787.343,582.885,1317.8,-1.13126,3.43908,264.119,531.279,814.778,922.763,958.386,958.613,753.95,751.483,544.654,416.875,397.163,266.579,186.367,470.817,
45.9352,0,127.25,0,33.2441,0,133.131,0,0,4.16294,112.279,287.77,472.157,457.908,425.477,329.599,249.73,151.358,119.722,86.1271,75.4637,42.1053,35.2917,56.2949,0.00648462,93.2805,481.726,523.732,458.054,323.118,240.859,170.142,107.181,63.227,45.9225,23.0689,15.1445,16.4522,13.1337,18.7178,0,-0.260544,11.6172,109.527,301.135,453.839,713.787,800.95,871.014,837.526,746.053,619.833,511.468,394.571,288.116,674.444,-0.747635,-0.819382,77.6549,165.629,302.729,372.574,407.23,419.389,339.259,337.727,243.028,190.843,180.911,120.516,90.2933,230.886,
42.4797,0,122.701,0,25.5681,0,113.967,0,0,3.97651,92.9343,238.323,397.022,391.639,368.683,289.743,219.355,137.803,106.968,75.8206,66.6559,35.2917,37.7422,52.948,0.0127945,78.374,405.944,438.194,399.318,289.941,216.492,156.082,101.244,54.6812,40.5523,21.5212,14.785,13.8508,10.6194,15.186,0,-0.389127,16.4642,131.774,314.782,456.245,705.405,803.597,867.495,839.629,768.321,641.494,526.875,399.88,288.471,681.857,-0.480202,2.61482,122.624,261.475,402.969,450.292,478.532,477.687,398.658,391.85,278.124,209.788,206.012,129.459,93.5902,230.385,
72.1476,0,194.79,0,48.5991,0,192.176,0,0,8.17196,197.945,505.451,769.939,718.737,660.903,497.883,376.387,234.309,180.62,127.97,106.309,56.2949,52.948,91.3191,0.0170579,148.88,788.949,844.11,708.604,494.098,357.552,248.9,156.823,88.1033,65.2253,34.7441,24.0944,21.993,17.3226,25.2852,0,-0.590019,34.4,367.215,838.171,1213.44,1664.9,1854.54,1894.12,1739.8,1537.64,1250.52,1002.55,726.259,538.169,1270.49,0.0213675,8.95462,251.692,562.05,829.843,918.847,970.404,954.17,759.046,738.652,560.335,408.173,371.362,244.832,170.216,405.601,
0.0292732,0,0.0600044,0,0.0205841,0,0.0899159,0,0,0.00527158,0.103386,0.261845,0.319227,0.246169,0.185555,0.105093,0.0567901,0.0540015,0.0438031,0.0177629,0.0116379,0.00648462,0.0127945,0.0170579,0.000429411,0.0519971,0.399803,0.374145,0.291147,0.204716,0.135448,0.0605317,0.0479734,0.0186452,0.0149657,0.00866052,0.00913409,0.00245785,0.00376138,0.00806,0,-0.000688754,0.0213337,0.313597,0.514754,0.811927,0.732005,0.789093,0.626564,0.488882,0.399008,0.330514,0.209943,0.135089,0.112801,0.217327,0.00149765,0.00672559,0.34274,0.794211,0.902966,0.962423,0.860767,0.757821,0.644168,0.494887,0.410892,0.280662,0.242164,0.136842,0.0893519,0.180299,
166.09,0,409.829,0,132.999,0,440.014,0,0,23.9926,605.071,1475.6,2068.44,1779.01,1552.11,1060.25,772.493,476.185,349.762,229.484,183.512,93.2805,78.374,148.88,0.0519971,414.255,2227.84,2313.22,1757.74,1138.93,731.297,452.4,272.068,147.969,110.672,54.9673,35.6135,30.4204,26.2786,41.0331,0,0.84286,135.138,1376.38,2781.03,4070.23,4972.54,5243.72,5025.41,4284.1,3691.94,2820.46,2159.7,1502,1144.5,2402.17,0.404399,18.9954,809.866,1671.42,2291.87,2483.38,2541.92,2406.52,1827.26,1769.23,1334.16,982.283,799.604,528.274,338.015,799.353,
938.971,0,2326.65,0,767.733,0,2580.4,0,0,138.326,3456.63,8401.36,11881.7,10185.9,8987.96,6027.22,4309.34,2708.84,1965.26,1231.95,957.757,481.726,405.944,788.949,0.399803,2227.84,13037.7,13623.6,10315.6,6729.89,4243.32,2437.68,1524.88,780.489,581.224,310.123,201.607,142.637,131.027,219.634,0,2.77075,862.291,8409.12,17664.1,24963.5,30212.5,31916.7,30159.5,25277,21462.4,16645.4,12328.9,8407.6,6604.51,13199.3,-3.79652,70.7277,5729.55,11508.3,15259.8,16766.7,17299.2,16121.5,12064.8,11022,8556.76,6148.88,4890.26,3046.89,2096.71,4900.93,
1015.17,0,2482.83,0,826.752,0,2800.07,0,0,137.485,3632.05,9051.02,12869.9,11215.4,9921.07,6795.59,4900.1,3015.14,2168.08,1377.9,1017.68,523.732,438.194,844.11,0.374145,2313.22,13623.6,14834.2,11206.4,7416.66,4679.05,2668.61,1633.39,864.547,597.105,335.632,221.65,141.802,131.003,235.122,0,2.26662,764.449,7443.42,15231.3,22572.2,27601.8,29182.5,28019.4,23813.2,20697.7,15792.5,11884.5,8348.71,6433.38,12668.1,-5.49737,46.8788,5043.04,10006.8,13581.2,15070.2,15442,14394.9,11220.6,10285,7822.75,5580.54,4387.14,2836.87,1913.88,4387.19,
792.569,0,2075.83,0,632.462,0,2412.03,0,0,105.332,2638.12,6686.09,9710.95,8639.48,7747.39,5404.81,3909.89,2418.52,1751.42,1119.83,886.176,458.054,399.318,708.604,0.291147,1757.74,10315.6,11206.4,9013.83,6041.07,3967.18,2411.72,1460.66,775.658,547.182,284.628,195.632,141.034,126.884,221.064,0,0.89225,612.691,5874.58,11987.4,17187.4,21037.9,22457,21574.5,18436.2,15857.2,12456.2,9411.25,6607.3,5042.01,10378.3,0.350265,81.9859,3940.26,7962.64,10641.7,11715.6,12097.8,11316.4,8796.73,8170.61,6213.15,4571.94,3674.65,2347.91,1616,3719.48,
533.187,0,1426.86,0,410.753,0,1651.88,0,0,67.6454,1684.93,4269.14,6350.01,5785.92,5222.11,3709.94,2702.02,1664.17,1209.85,786.171,614.897,323.118,289.941,494.098,0.204716,1138.93,6729.89,7416.66,6041.07,4167.76,2756.75,1670.52,1035.46,553.914,380.006,202.719,144.048,100.787,88.9566,158.402,0,-1.24071,338.848,3106.34,6608.54,9710.44,12303.9,13272.7,13080.5,11381.6,9991.51,7896.41,5917.36,4310.8,3297.47,6711.81,-6.04243,9.09796,2294.73,4610.76,6354.14,7216.56,7564.64,7083.63,5671.98,5138.63,3873.94,2839.89,2318.64,1442.42,1051.24,2502.13,
352.974,0,970.719,0,266.552,0,1119.4,0,0,41.9533,1032.42,2673.08,4053.76,3760.73,3436.38,2499.7,1836.35,1129.76,836.773,555.149,456.413,240.859,216.492,357.552,0.135448,731.297,4243.32,4679.05,3967.18,2756.75,1907.26,1217.74,745.717,407.324,283.897,146.868,104.313,83.4077,69.9691,117.894,0,-1.4702,208.405,1942.93,4045.96,5886.31,7556.81,8237.07,8198.51,7269.94,6382.73,5154.69,3958.34,2917.29,2183.64,4687.27,-1.55634,26.632,1428.09,2927.72,4051.64,4533.04,4721.19,4479.21,3624.56,3371.95,2516.42,1881.4,1595.57,1024.58,727.771,1719.77,
213.467,0,620.054,0,156.217,0,711.571,0,0,24.4336,579.318,1554.14,2374.26,2232.49,2066.29,1546.92,1150.73,711.497,537.355,365.92,323.222,170.142,156.082,248.9,0.0605317,452.4,2437.68,2668.61,2411.72,1670.52,1217.74,867.859,502.092,283.594,205.014,99.4136,70.7716,65.3873,53.1882,85.039,0,-0.728965,125.802,1377.43,2584.16,3752.37,4810.2,5296.04,5322.84,4857.41,4255.12,3445.85,2802.49,2044.24,1458.78,3483.53,3.20815,52.1639,717.998,1640.59,2348.05,2442.83,2523.99,2526.08,2050.34,2134.26,1553.21,1221.54,1080.4,758.085,474.41,1102.8,
140.42,0,412.309,0,94.8714,0,441.138,0,0,15.6879,348.121,882.032,1410.98,1351.95,1253.24,947.301,703.07,437.129,334.801,233.625,203.124,107.181,101.244,156.823,0.0479734,272.068,1524.88,1633.39,1460.66,1035.46,745.717,502.092,331.228,178.43,129.998,64.4463,46.1143,42.6087,34.9651,53.068,0,-1.28146,66.2365,540.369,1284.28,1703.05,2375.35,2634.95,2722.05,2477.35,2189.57,1847.62,1438.03,1079.08,816.748,1846.02,-2.20808,3.42823,519.23,1066.3,1508.79,1707.64,1815.74,1727.84,1366.42,1259.01,944.091,706.878,662.733,386.191,302.118,760.774,
71.458,0,208.363,0,50.7338,0,239.574,0,0,6.92457,174.68,460.34,737.759,721.481,670.292,519.29,394.071,236.641,184.67,134.079,117.695,63.227,54.6812,88.1033,0.0186452,147.969,780.489,864.547,775.658,553.914,407.324,283.594,178.43,108.47,75.4027,35.673,26.0741,26.535,21.3589,32.4473,0,-0.54044,15.381,134.985,342.978,544.729,878.678,1011.7,1158.66,1143.89,1044.96,883.755,717.889,575.177,420.104,998.215,-1.43217,-1.56808,111.056,248.507,442.457,558.175,623.333,623.688,533.586,526.101,376.202,302.253,282.459,189.119,141.55,365.354,
49.6686,0,152.057,0,35.2711,0,171.095,0,0,5.95602,130.119,320.848,513.152,486.008,455.885,342.41,255.422,162.155,129.833,91.6208,87.4946,45.9225,40.5523,65.2253,0.0149657,110.672,581.224,597.105,547.182,380.006,283.897,205.014,129.998,75.4027,59.5952,26.4268,18.5947,20.4131,16.5591,23.1937,0,-0.494422,27.3057,247.355,546.117,785.69,1073.43,1192.94,1227.27,1123.42,995.083,841.998,673.619,517.058,384.364,897.269,-0.225458,4.6763,190.571,411.337,600.914,670.85,695.699,690.475,545.778,533.909,395.5,311.183,284.31,188.943,135.142,335.477,
27.9599,0,76.2524,0,18.8372,0,79.506,0,0,2.89992,72.6717,183.754,291.669,278.517,261.56,196.771,147.709,94.36,73.0549,50.9778,41.1651,23.0689,21.5212,34.7441,0.00866052,54.9673,310.123,335.632,284.628,202.719,146.868,99.4136,64.4463,35.673,26.4268,15.7876,10.4577,8.80027,7.04087,10.5071,0,-0.23035,14.7711,136.378,320.163,474.738,655.451,735.902,758.168,697.813,624.982,511.626,411.372,300.375,222.892,519.736,-0.251444,1.45127,106.671,228.627,341.476,388.319,413.537,406.037,332.358,311.07,234.435,173.22,153.432,99.5407,73.7691,172.535,
17.8722,0,52.2413,0,10.6763,0,58.2206,0,0,2.05112,46.0224,119.129,184.643,180.764,168.855,129.345,97.7778,62.4384,47.6001,34.0708,27.3575,15.1445,14.785,24.0944,0.00913409,35.6135,201.607,221.65,195.632,144.048,104.313,70.7716,46.1143,26.0741,18.5947,10.4577,8.1043,6.10948,4.82769,7.8222,0,-0.317346,5.64906,64.488,155.852,248.163,356.614,422.922,453.63,433.836,397.703,333.766,261.703,197.866,146.765,351.599,-0.218625,0.566783,57.6216,142.301,213.93,252.54,274.449,268.587,231.563,210.777,161.052,120.064,106.373,68.4088,51.2527,122.503,
14.5566,0,45.5676,0,9.83851,0,47.181,0,0,1.24487,28.7729,71.5644,126.155,127.37,123.859,100.739,77.983,47.468,40.4872,31.1432,31.2655,16.4522,13.8508,21.993,0.00245785,30.4204,142.637,141.802,141.034,100.787,83.4077,65.3873,42.6087,26.535,20.4131,8.80027,6.10948,8.46784,6.19906,8.43879,0,-0.210539,2.56351,15.858,59.9704,81.3217,159.581,187.922,232.411,238.063,215.204,197.737,167.047,138.078,101.542,260.055,-0.331851,-0.1082,20.1259,47.4395,96.328,119.558,134.804,139.882,111.623,119.024,85.2343,72.5617,75.7947,50.1714,38.0492,103.09,
12.5616,0,39.602,0,9.00496,0,46.4115,0,0,1.25604,24.4425,60.4316,111.304,110.296,103.819,81.326,61.4133,38.3997,32.8018,24.6955,24.4407,13.1337,10.6194,17.3226,0.00376138,26.2786,131.027,131.003,126.884,88.9566,69.9691,53.1882,34.9651,21.3589,16.5591,7.04087,4.82769,6.19906,5.73567,6.98055,0,-0.0189702,5.20937,41.0435,101.291,123.451,190.798,201.884,219.557,210.199,183.436,157.491,135.537,104.749,77.7287,196.372,-0.297815,0.212744,32.8389,64.1939,106.689,118.836,124.064,130.806,95.8446,99.0213,70.3956,57.3287,60.4188,39.7019,29.5558,78.2206,
18.7065,0,60.683,0,13.848,0,75.1598,0,0,1.96167,45.9796,116.821,193.508,188.981,179.026,139.257,105.123,63.7706,51.116,37.4571,34.242,18.7178,15.186,25.2852,0.00806,41.0331,219.634,235.122,221.064,158.402,117.894,85.039,53.068,32.4473,23.1937,10.5071,7.8222,8.43879,6.98055,11.9119,0,0.140601,9.07395,84.0272,182.875,230.902,331.646,368.464,405.328,386.645,337.2,286.82,225.772,174.845,133.078,328.329,-0.563297,-0.70307,49.798,108.733,181.852,208.962,240.265,247.328,188.079,182.976,142.036,116.861,104.943,68.9303,50.0728,134.74,
0,0,0,0,0,0,0,0,0,0,0,0,0,0,0,0,0,0,0,0,0,0,0,0,0,0,0,0,0,0,0,0,0,0,0,0,0,0,0,0,0,0,0,0,0,0,0,0,0,0,0,0,0,0,0,0,0,0,0,0,0,0,0,0,0,0,0,0,0,0,0,0,
-0.24498,0,0.316028,0,0.191535,0,1.17162,0,0,-0.000880035,0.539761,0.166309,1.11781,-0.966307,-1.42277,-3.3457,-2.12527,-1.32588,-0.917179,-0.788633,-0.637052,-0.260544,-0.389127,-0.590019,-0.000688754,0.84286,2.77075,2.26662,0.89225,-1.24071,-1.4702,-0.728965,-1.28146,-0.54044,-0.494422,-0.23035,-0.317346,-0.210539,-0.0189702,0.140601,0,1.71514,25.3745,96.166,125.872,109.232,88.2088,62.483,49.3159,44.4192,38.2581,31.4634,23.2335,14.4993,11.6501,17.2521,0.189206,2.00816,107.233,144.336,151.581,140.788,137.933,124.804,100.233,82.5053,61.5461,49.7962,33.6447,24.4778,15.5651,22.6725,
50.9906,0,143.448,0,47.7097,0,160.118,0,0,12.7423,228.39,522.699,707.565,518.346,476.465,226.635,135.514,129.973,86.8577,33.1799,35.405,11.6172,16.4642,34.4,0.0213337,135.138,862.291,764.449,612.691,338.848,208.405,125.802,66.2365,15.381,27.3057,14.7711,5.64906,2.56351,5.20937,9.07395,0,25.3745,577.415,3245.1,5259.02,6138.31,6288.03,5983.77,5189.86,4120.54,3411.26,2689.86,1956.81,1237.73,975.989,1904.49,6.57688,79.5456,2838.35,4646.78,5308.43,4926.78,4795.06,4352.38,3267.83,2908.85,2190.81,1685.72,1263.17,852.906,510.332,931.99,
432.722,0,1074.66,0,426.132,0,1311.57,0,0,111.085,2323.71,5726.75,7150.59,5048.64,4571.51,2334.75,1515.32,1376.25,829.281,308.517,327.435,109.527,131.774,367.215,0.313597,1376.38,8409.12,7443.42,5874.58,3106.34,1942.93,1377.43,540.369,134.985,247.355,136.378,64.488,15.858,41.0435,84.0272,0,96.166,3245.1,30134.6,53243.7,67366.7,73861.1,75194.2,67793.9,55655.2,44784.7,34359.7,25148.7,14745.6,11452.8,26107.5,49.5576,729.597,15931,31695,39517.4,36105.4,37390.9,35620.2,24566.8,24465.9,18543,14875.9,11309,7694.03,3946.94,8215.1,
894.654,0,2206.34,0,868.867,0,2551.34,0,0,213.914,4627.71,11075.4,14422.9,10486.5,9628.36,5102.47,3477.99,2949.93,1865.77,754.332,754.498,301.135,314.782,838.171,0.514754,2781.03,17664.1,15231.3,11987.4,6608.54,4045.96,2584.16,1284.28,342.978,546.117,320.163,155.852,59.9704,101.291,182.875,0,125.872,5259.02,53243.7,106616,133444,152711,159331,143900,118510,92443.2,73013.1,51871.7,29424.8,23761.9,53963.6,66.4096,1065.07,27615.1,57856.7,72201.2,70846.9,76597.6,71917.1,48155.8,45617.7,36651.1,28662.6,21364.7,13412.6,8117.88,17591.5,
1239.03,0,2858.94,0,1197.46,0,3623.57,0,0,290.684,6770.6,16300.4,20949,15407.8,14140.8,7575.36,5143.27,4303.17,2789.19,1143.86,1080.93,453.839,456.245,1213.44,0.811927,4070.23,24963.5,22572.2,17187.4,9710.44,5886.31,3752.37,1703.05,544.729,785.69,474.738,248.163,81.3217,123.451,230.902,0,109.232,6138.31,67366.7,133444,178538,204184,213128,193108,159417,127223,99079.1,71045.2,42534.8,33242.4,73882.2,116.719,1384.74,32921.1,71782.7,91012.9,88822.6,93339,87639.6,60979.2,58528.5,45832.2,35996,26639.3,17536.6,10090.2,21550.2,
1545.79,0,3678.07,0,1456.91,0,4339.66,0,0,326.714,8000.12,19130.6,25303.1,19087.8,17739.3,10015.9,7052.57,5610.6,3751.29,1709.92,1582.4,713.787,705.405,1664.9,0.732005,4972.54,30212.5,27601.8,21037.9,12303.9,7556.81,4810.2,2375.35,878.678,1073.43,655.451,356.614,159.581,190.798,331.646,0,88.2088,6288.03,73861.1,152711,204184,239303,252429,230886,192597,153557,120205,86274.4,51821.5,40807,91123.6,99.6085,1334.48,34167.3,77195,99684.6,99978.3,107542,101722,70176.2,66940,53249.1,41558.3,30686.9,19970.3,12003.2,26176.3,
1592.25,0,3825.85,0,1483.38,0,4493.02,0,0,334.785,8399.66,20263.2,26638.2,20195.1,18867.7,10802.8,7704.21,6092.65,4081.81,1876.68,1727.25,800.95,803.597,1854.54,0.789093,5243.72,31916.7,29182.5,22457,13272.7,8237.07,5296.04,2634.95,1011.7,1192.94,735.902,422.922,187.922,201.884,368.464,0,62.483,5983.77,75194.2,159331,213128,252429,269686,247718,207900,165430,130530,93729.5,56008.8,44235.9,100044,108.599,1381.94,32702.5,77103.4,100384,103096,112961,107202,73885.5,70362.3,56776.1,44269.8,32470.1,21007.4,12984,28320.9,
1548.48,0,3793.04,0,1407.42,0,4306.6,0,0,299.385,7845.23,18900.4,25146,19481.7,18351.6,10877.1,7927.02,6090.07,4103.21,2026.91,1815.03,871.014,867.495,1894.12,0.626564,5025.41,30159.5,28019.4,21574.5,13080.5,8198.51,5322.84,2722.05,1158.66,1227.27,758.168,453.63,232.411,219.557,405.328,0,49.3159,5189.86,67793.9,143900,193108,230886,247718,230469,195034,156337,123241,88877.2,53609,42339,96239.6,64.2629,1092.38,27201.6,66023.7,88461.1,91740,102464,98240.3,67845.8,65278.9,52376.5,41183.4,30254.2,19693.6,12093.1,26868,
1313.94,0,3279.52,0,1158.71,0,3646.5,0,0,232.681,6483.92,15809.8,21152.3,16624.8,15784.6,9638.81,7183.38,5391.83,3680.63,1903.75,1701.87,837.526,839.629,1739.8,0.488882,4284.1,25277,23813.2,18436.2,11381.6,7269.94,4857.41,2477.35,1143.89,1123.42,697.813,433.836,238.063,210.199,386.645,0,44.4192,4120.54,55655.2,118510,159417,192597,207900,195034,167260,134623,106397,77217,46946,36842.1,84677.3,47.2889,883.859,20996.7,52255.1,71375.4,74884.6,84882.9,82222.5,57205.5,55417.2,44366.7,35047.4,25806.6,17024.2,10427.2,23190.1,
1152.18,0,2915.04,0,984.579,0,3157.6,0,0,200.423,5572.86,13473.7,18154,14445,13717,8501.02,6322.13,4724.94,3257.16,1735.17,1512.76,746.053,768.321,1537.64,0.399008,3691.94,21462.4,20697.7,15857.2,9991.51,6382.73,4255.12,2189.57,1044.96,995.083,624.982,397.703,215.204,183.436,337.2,0,38.2581,3411.26,44784.7,92443.2,127223,153557,165430,156337,134623,110728,86717.8,63473.9,39754,30903.3,70272.6,32.8767,685.077,17167,42051.3,58353,60536.4,67593.1,65939.5,47176.6,46012,36048,28553.5,21202,14340,8531.78,18903.7,
880.514,0,2305.03,0,745.64,0,2500.05,0,0,152.312,4215.32,10216.7,13821.5,11070.6,10649.5,6625.3,4956,3707.46,2587.14,1377.73,1250.22,619.833,641.494,1250.52,0.330514,2820.46,16645.4,15792.5,12456.2,7896.41,5154.69,3445.85,1847.62,883.755,841.998,511.626,333.766,197.737,157.491,286.82,0,31.4634,2689.86,34359.7,73013.1,99079.1,120205,130530,123241,106397,86717.8,69230.1,50245.7,31296.9,24504.4,55953.5,31.3246,546.771,13946.3,33799.9,46198.4,49324.4,55631.3,53821.3,38522.2,36856.8,29348.9,23183.3,17177.6,11339.9,7156.34,15823.7,
702.467,0,1817.74,0,580.586,0,1909.72,0,0,110.765,3135.66,7803.23,10556,8501.38,8183.55,5198.54,3900.96,2893.45,2046.17,1129.57,1014.77,511.468,526.875,1002.55,0.209943,2159.7,12328.9,11884.5,9411.25,5917.36,3958.34,2802.49,1438.03,717.889,673.619,411.372,261.703,167.047,135.537,225.772,0,23.2335,1956.81,25148.7,51871.7,71045.2,86274.4,93729.5,88877.2,77217,63473.9,50245.7,37535.9,23522.5,18023.4,41988.7,35.3892,511.839,9575.14,23535.5,32659.2,33966.7,38052.7,37528.5,26948.5,26742.2,21027.6,16566,12406.2,8597.27,5123.05,11073.4,
490.186,0,1326.55,0,398.876,0,1426.04,0,0,74.7544,2144.09,5211.7,7238.89,5967.49,5794.95,3750.23,2800.08,2045.04,1497.7,856.957,787.343,394.571,399.88,726.259,0.135089,1502,8407.6,8348.71,6607.3,4310.8,2917.29,2044.24,1079.08,575.177,517.058,300.375,197.866,138.078,104.749,174.845,0,14.4993,1237.73,14745.6,29424.8,42534.8,51821.5,56008.8,53609,46946,39754,31296.9,23522.5,15730.6,11859.3,26752.2,20.1192,271.213,6303.19,14761.3,20713.6,21360.1,22983.5,22807.7,17259.3,17016,12981.5,10221.3,7740.86,5592.4,3279.13,7104.33,
367.399,0,1009.67,0,311.229,0,1069.19,0,0,59.4627,1669.36,3931.5,5527.01,4510.43,4381.21,2791.28,2079.58,1533.96,1116.46,632.334,582.885,288.116,288.471,538.169,0.112801,1144.5,6604.51,6433.38,5042.01,3297.47,2183.64,1458.78,816.748,420.104,384.364,222.892,146.765,101.542,77.7287,133.078,0,11.6501,975.989,11452.8,23761.9,33242.4,40807,44235.9,42339,36842.1,30903.3,24504.4,18023.4,11859.3,9274,20616.6,5.30572,145.009,5059.63,11693.2,16288.1,17413.3,19235.8,18819.7,13956.7,13331.5,10425.1,8228.03,6183.7,4219.58,2649.77,5907.68,
759.564,0,2121.08,0,603.326,0,2200.43,0,0,116.373,3292.08,8161.26,11168.7,9157.78,8951,5908.64,4545.57,3334.05,2414.21,1438.27,1317.8,674.444,681.857,1270.49,0.217327,2402.17,13199.3,12668.1,10378.3,6711.81,4687.27,3483.53,1846.02,998.215,897.269,519.736,351.599,260.055,196.372,328.329,0,17.2521,1904.49,26107.5,53963.6,73882.2,91123.6,100044,96239.6,84677.3,70272.6,55953.5,41988.7,26752.2,20616.6,49013.3,28.1944,513.941,8988.31,23396.9,33575.1,35449.1,40624.8,40600,29360.1,29400.9,23204.6,18529,14062.7,9770.49,5916.85,13139.8,
-0.799084,0,-3.20619,0,-0.426313,0,-0.649724,0,0,0.173106,2.16839,14.128,6.29053,-1.3713,-2.45615,-4.81794,-4.95759,-1.90299,-1.15568,-2.14586,-1.13126,-0.747635,-0.480202,0.0213675,0.00149765,0.404399,-3.79652,-5.49737,0.350265,-6.04243,-1.55634,3.20815,-2.20808,-1.43217,-0.225458,-0.251444,-0.218625,-0.331851,-0.297815,-0.563297,0,0.189206,6.57688,49.5576,66.4096,116.719,99.6085,108.599,64.2629,47.2889,32.8767,31.3246,35.3892,20.1192,5.30572,28.1944,1.38417,7.75009,40.4717,83.2659,69.8941,54.7305,21.197,12.8406,24.3214,27.7942,24.3186,15.3498,9.59333,14.5243,5.71071,-8.32437,
4.86885,0,8.71466,0,4.84443,0,15.5253,0,0,2.5914,33.2673,147.62,121.989,61.8257,49.4045,19.619,8.14065,14.9242,8.60722,-1.41367,3.43908,-0.819382,2.61482,8.95462,0.00672559,18.9954,70.7277,46.8788,81.9859,9.09796,26.632,52.1639,3.42823,-1.56808,4.6763,1.45127,0.566783,-0.1082,0.212744,-0.70307,0,2.00816,79.5456,729.597,1065.07,1384.74,1334.48,1381.94,1092.38,883.859,685.077,546.771,511.839,271.213,145.009,513.941,7.75009,60.9989,408.588,831.698,902.324,679.082,551.18,518.756,392.203,500.995,370.81,281.503,231.193,206.603,78.1747,65.7598,
352.048,0,972.663,0,284.389,0,1011.1,0,0,90.8823,1501.89,3362.34,4564.23,3369.5,3061.31,1547.7,868.058,815.256,607.555,238.8,264.119,77.6549,122.624,251.692,0.34274,809.866,5729.55,5043.04,3940.26,2294.73,1428.09,717.998,519.23,111.056,190.571,106.671,57.6216,20.1259,32.8389,49.798,0,107.233,2838.35,15931,27615.1,32921.1,34167.3,32702.5,27201.6,20996.7,17167,13946.3,9575.14,6303.19,5059.63,8988.31,40.4717,408.588,17011.9,28965.6,32450.3,30930.1,29099.1,25581.8,19508.1,16106.5,12499.2,8994.04,7031.83,4442.56,2927.39,5501.99,
672.142,0,1824.18,0,513.403,0,1952.6,0,0,180.255,3052.89,7075.84,9142.78,6691.47,6070.26,3134.49,1803.58,1728.62,1218.48,474.824,531.279,165.629,261.475,562.05,0.794211,1671.42,11508.3,10006.8,7962.64,4610.76,2927.72,1640.59,1066.3,248.507,411.337,228.627,142.301,47.4395,64.1939,108.733,0,144.336,4646.78,31695,57856.7,71782.7,77195,77103.4,66023.7,52255.1,42051.3,33799.9,23535.5,14761.3,11693.2,23396.9,83.2659,831.698,28965.6,53189.7,60942.1,58397.7,56104.8,49932.7,37304.9,31639.8,24953.4,18166.5,14164.4,8969.71,5697.63,11087.4,
919.406,0,2502.62,0,694.124,0,2583.43,0,0,222.566,4006.06,9200.78,12142.4,9165.92,8383.09,4625.93,2874.77,2529.1,1777.56,809.051,814.778,302.729,402.969,829.843,0.902966,2291.87,15259.8,13581.2,10641.7,6354.14,4051.64,2348.05,1508.79,442.457,600.914,341.476,213.93,96.328,106.689,181.852,0,151.581,5308.43,39517.4,72201.2,91012.9,99684.6,100384,88461.1,71375.4,58353,46198.4,32659.2,20713.6,16288.1,33575.1,69.8941,902.324,32450.3,60942.1,72592.3,69213.1,67808.2,61580.2,45499.8,39881.9,30950.4,22903,18045.4,11590.7,7047.83,14421.4,
962.085,0,2608.81,0,743.772,0,2719.67,0,0,223.005,4291.05,9729.21,13103.3,10109.3,9281,5235,3374.91,2810.48,2008.25,942.595,922.763,372.574,450.292,918.847,0.962423,2483.38,16766.7,15070.2,11715.6,7216.56,4533.04,2442.83,1707.64,558.175,670.85,388.319,252.54,119.558,118.836,208.962,0,140.788,4926.78,36105.4,70846.9,88822.6,99978.3,103096,91740,74884.6,60536.4,49324.4,33966.7,21360.1,17413.3,35449.1,54.7305,679.082,30930.1,58397.7,69213.1,70095.3,70606.4,63600.8,47310.6,39895.7,31997.2,23599.6,18160.8,11073.5,7626.82,15791.8,
965.762,0,2655.35,0,755.755,0,2673.41,0,0,213.997,4307.15,9746.92,13238,10349.6,9587.49,5537.34,3749.17,3012.42,2089.94,1018.49,958.386,407.23,478.532,970.404,0.860767,2541.92,17299.2,15442,12097.8,7564.64,4721.19,2523.99,1815.74,623.333,695.699,413.537,274.449,134.804,124.064,240.265,0,137.933,4795.06,37390.9,76597.6,93339,107542,112961,102464,84882.9,67593.1,55631.3,38052.7,22983.5,19235.8,40624.8,21.197,551.18,29099.1,56104.8,67808.2,70606.4,74757.7,67953.8,49185.6,41885.8,34139.6,25611.6,19472.7,11489.7,8211.95,17703.3,
886.556,0,2497.51,0,698.842,0,2514.42,0,0,194.707,3995.08,9011.91,12311.5,9635.41,9002.14,5236.04,3586.75,2892.45,2011.62,1005.62,958.613,419.389,477.687,954.17,0.757821,2406.52,16121.5,14394.9,11316.4,7083.63,4479.21,2526.08,1727.84,623.688,690.475,406.037,268.587,139.882,130.806,247.328,0,124.804,4352.38,35620.2,71917.1,87639.6,101722,107202,98240.3,82222.5,65939.5,53821.3,37528.5,22807.7,18819.7,40600,12.8406,518.756,25581.8,49932.7,61580.2,63600.8,67953.8,63257.1,45156.2,39490,32061,24156.7,18419.3,11235.4,7656.25,16672.4,
677.692,0,1899.51,0,506.66,0,1977.78,0,0,143.978,3018.6,6918.09,9419.49,7522.44,7031.14,4172.53,2861.14,2276.04,1613.2,820.124,753.95,339.259,398.658,759.046,0.644168,1827.26,12064.8,11220.6,8796.73,5671.98,3624.56,2050.34,1366.42,533.586,545.778,332.358,231.563,111.623,95.8446,188.079,0,100.233,3267.83,24566.8,48155.8,60979.2,70176.2,73885.5,67845.8,57205.5,47176.6,38522.2,26948.5,17259.3,13956.7,29360.1,24.3214,392.203,19508.1,37304.9,45499.8,47310.6,49185.6,45156.2,34174.5,29258.6,23362.4,17585.5,13400.2,8355,5733.32,12022.8,
643.607,0,1780.12,0,492.643,0,1825.48,0,0,129.333,2809.26,6659.35,8895.17,7052.4,6605.61,3984.99,2795.21,2190.82,1532.48,807.194,751.483,337.727,391.85,738.652,0.494887,1769.23,11022,10285,8170.61,5138.63,3371.95,2134.26,1259.01,526.101,533.909,311.07,210.777,119.024,99.0213,182.976,0,82.5053,2908.85,24465.9,45617.7,58528.5,66940,70362.3,65278.9,55417.2,46012,36856.8,26742.2,17016,13331.5,29400.9,27.7942,500.995,16106.5,31639.8,39881.9,39895.7,41885.8,39490,29258.6,27024.9,20934.9,16124.7,12456.8,8205.16,5019.35,10683.5,
465.42,0,1304.39,0,366.857,0,1334.66,0,0,100.908,2179.5,5139.78,6787.96,5295.17,4973.2,2942.88,2052.31,1634.32,1139.46,582.306,544.654,243.028,278.124,560.335,0.410892,1334.16,8556.76,7822.75,6213.15,3873.94,2516.42,1553.21,944.091,376.202,395.5,234.435,161.052,85.2343,70.3956,142.036,0,61.5461,2190.81,18543,36651.1,45832.2,53249.1,56776.1,52376.5,44366.7,36048,29348.9,21027.6,12981.5,10425.1,23204.6,24.3186,370.81,12499.2,24953.4,30950.4,31997.2,34139.6,32061,23362.4,20934.9,16980.5,12837,9730.26,6236.52,4099.95,8649.41,
320.735,0,933.86,0,262.599,0,1003.34,0,0,69.0122,1545.01,3657.72,4825.28,3751.74,3555.67,2105.81,1492.06,1198.55,822.36,418.562,416.875,190.843,209.788,408.173,0.280662,982.283,6148.88,5580.54,4571.94,2839.89,1881.4,1221.54,706.878,302.253,311.183,173.22,120.064,72.5617,57.3287,116.861,0,49.7962,1685.72,14875.9,28662.6,35996,41558.3,44269.8,41183.4,35047.4,28553.5,23183.3,16566,10221.3,8228.03,18529,15.3498,281.503,8994.04,18166.5,22903,23599.6,25611.6,24156.7,17585.5,16124.7,12837,10103.3,7635.63,4886.91,3138.4,6769.88,
299.969,0,898.916,0,215.782,0,875.356,0,0,58.6006,1206.66,2831.75,3848.6,3050.74,2876.14,1789.99,1273.77,998.204,711.859,396.237,397.163,180.911,206.012,371.362,0.242164,799.604,4890.26,4387.14,3674.65,2318.64,1595.57,1080.4,662.733,282.459,284.31,153.432,106.373,75.7947,60.4188,104.943,0,33.6447,1263.17,11309,21364.7,26639.3,30686.9,32470.1,30254.2,25806.6,21202,17177.6,12406.2,7740.86,6183.7,14062.7,9.59333,231.193,7031.83,14164.4,18045.4,18160.8,19472.7,18419.3,13400.2,12456.8,9730.26,7635.63,6061.02,3825.83,2397.38,5324.26,
171.782,0,504.494,0,136.939,0,544.534,0,0,34.6762,776.693,1919.99,2500.71,1940.33,1862.28,1142.59,813.481,648.328,468.173,256.692,266.579,120.516,129.459,244.832,0.136842,528.274,3046.89,2836.87,2347.91,1442.42,1024.58,758.085,386.191,189.119,188.943,99.5407,68.4088,50.1714,39.7019,68.9303,0,24.4778,852.906,7694.03,13412.6,17536.6,19970.3,21007.4,19693.6,17024.2,14340,11339.9,8597.27,5592.4,4219.58,9770.49,14.5243,206.603,4442.56,8969.71,11590.7,11073.5,11489.7,11235.4,8355,8205.16,6236.52,4886.91,3825.83,2767.38,1502.82,3142.9,
119.135,0,366.401,0,92.7721,0,380.202,0,0,22.5691,497.511,1161.38,1636.92,1331.93,1282.51,803.249,582.588,443.574,333.241,186.997,186.367,90.2933,93.5902,170.216,0.0893519,338.015,2096.71,1913.88,1616,1051.24,727.771,474.41,302.118,141.55,135.142,73.7691,51.2527,38.0492,29.5558,50.0728,0,15.5651,510.332,3946.94,8117.88,10090.2,12003.2,12984,12093.1,10427.2,8531.78,7156.34,5123.05,3279.13,2649.77,5916.85,5.71071,78.1747,2927.39,5697.63,7047.83,7626.82,8211.95,7656.25,5733.32,5019.35,4099.95,3138.4,2397.38,1502.82,1097.7,2324.7,
292.353,0,932.748,0,219.633,0,923.418,0,0,52.2504,1133.54,2476.4,3682.16,3085.66,2954.72,1925.34,1423.99,1040.82,783.105,473.548,470.817,230.886,230.385,405.601,0.180299,799.353,4900.93,4387.19,3719.48,2502.13,1719.77,1102.8,760.774,365.354,335.477,172.535,122.503,103.09,78.2206,134.74,0,22.6725,931.99,8215.1,17591.5,21550.2,26176.3,28320.9,26868,23190.1,18903.7,15823.7,11073.4,7104.33,5907.68,13139.8,-8.32437,65.7598,5501.99,11087.4,14421.4,15791.8,17703.3,16672.4,12022.8,10683.5,8649.41,6769.88,5324.26,3142.9,2324.7,5522.61,
