71.4354,0,107.7,0,-15.2918,0,24.7491,0,0,0.184645,-11.3781,150.053,75.4253,110.376,41.4544,70.4123,-17.2097,-30.8819,8.66382,-18.2829,-23.4855,5.6308,-10.6425,38.9737,0.158948,-42.1858,-81.7641,19.2659,-22.6744,-28.0323,-59.3837,-13.3634,-64.8781,-32.3534,-26.9489,-3.85585,-24.948,-16.5059,-4.54238,-9.03726,0,3.11321,-26.4878,152.488,556.861,1001.84,1017.52,659.944,647.359,475.677,331.412,214.137,-18.4492,-158.698,17.4699,-402.382,12.452,-5.05171,86.7403,197.667,-13.4302,-240.465,-72.5728,-430.505,-595.488,-221.294,-217.735,-339.659,-191.476,-244.721,-57.5613,-486.605,
0,0,0,0,0,0,0,0,0,0,0,0,0,0,0,0,0,0,0,0,0,0,0,0,0,0,0,0,0,0,0,0,0,0,0,0,0,0,0,0,0,0,0,0,0,0,0,0,0,0,0,0,0,0,0,0,0,0,0,0,0,0,0,0,0,0,0,0,0,0,0,0,
107.7,0,887.711,0,-33.7023,0,-86.4513,0,0,-6.28036,67.9842,405.406,113.943,-336.5,-206.224,-57.5822,-416.161,-178.741,-339.032,-263.441,-177.77,-147.944,14.5311,-184.34,0.0865499,293.12,1184.59,722.149,585.935,42.0017,-40.8723,-42.28,35.5087,-274.163,-44.9732,-15.0932,-96.2617,-63.673,-29.1998,13.3939,0,16.1659,148.978,1637.67,1800.25,2499.67,1823.45,1328.91,288.965,-1499.52,-1970.67,-1984.2,-2296.36,-2030.59,-1372.68,-6649.65,44.5725,66.7155,1361.93,3149.15,3531.71,3579.27,2858.89,2178.67,1265.62,1806.14,101.493,-934.782,-60.2286,-967.266,-257.203,-1351.11,
0,0,0,0,0,0,0,0,0,0,0,0,0,0,0,0,0,0,0,0,0,0,0,0,0,0,0,0,0,0,0,0,0,0,0,0,0,0,0,0,0,0,0,0,0,0,0,0,0,0,0,0,0,0,0,0,0,0,0,0,0,0,0,0,0,0,0,0,0,0,0,0,
-15.2918,0,-33.7023,0,28.3438,0,-6.10896,0,0,1.50612,29.1141,-90.2427,-137.838,-117.247,-22.3161,-90.6486,-37.7194,-3.65022,-11.9223,-6.02292,-20.597,13.7267,11.0138,-42.4511,0.0933279,30.714,126.095,120.501,13.0082,-8.73334,89.5832,-53.8917,20.4829,20.5269,-11.2652,-0.897769,-10.9256,3.90661,2.42361,-12.4296,0,2.36352,-49.1894,-36.1627,-413.988,-283.363,-853.12,-275.561,-274.127,-284.402,-197.082,-143.978,-176.833,-107.528,-292.973,-123.318,-5.47485,8.63608,112.102,76.6994,200.846,291.7,290.625,171.074,430.746,334.827,172.415,38.4758,75.9117,-65.9148,153.602,230.748,
0,0,0,0,0,0,0,0,0,0,0,0,0,0,0,0,0,0,0,0,0,0,0,0,0,0,0,0,0,0,0,0,0,0,0,0,0,0,0,0,0,0,0,0,0,0,0,0,0,0,0,0,0,0,0,0,0,0,0,0,0,0,0,0,0,0,0,0,0,0,0,0,
24.7491,0,-86.4513,0,-6.10896,0,292.746,0,0,-3.8788,81.1831,9.4831,-94.7179,-7.00299,6.6894,80.0753,-30.9674,29.181,93.6703,30.1192,-93.3754,94.6089,45.6304,100.937,-0.00598848,-144.001,-77.7775,164.408,-50.7871,-11.1649,29.2923,-131.628,-87.6849,86.9187,-112.019,-25.188,-59.399,-14.0908,-17.8011,-16.0386,0,21.2544,-174.25,155.34,-547.834,706.78,511.914,453.944,587.682,1255.88,702.751,961.113,687.744,160.163,195.558,894.756,15.9104,26.2571,226.665,145.535,33.202,-512.975,-658.193,-820.475,-929.825,179.023,180.013,-308.236,-183.634,-413.242,556.068,-296.375,
0,0,0,0,0,0,0,0,0,0,0,0,0,0,0,0,0,0,0,0,0,0,0,0,0,0,0,0,0,0,0,0,0,0,0,0,0,0,0,0,0,0,0,0,0,0,0,0,0,0,0,0,0,0,0,0,0,0,0,0,0,0,0,0,0,0,0,0,0,0,0,0,
0,0,0,0,0,0,0,0,0,0,0,0,0,0,0,0,0,0,0,0,0,0,0,0,0,0,0,0,0,0,0,0,0,0,0,0,0,0,0,0,0,0,0,0,0,0,0,0,0,0,0,0,0,0,0,0,0,0,0,0,0,0,0,0,0,0,0,0,0,0,0,0,
0.184645,0,-6.28036,0,1.50612,0,-3.8788,0,0,18.1757,-6.32041,12.963,-28.9441,16.7914,1.99071,-7.26378,5.64174,-19.2215,4.03648,-6.9645,2.43285,8.40792,-6.85483,5.13261,0.085593,11.363,-20.3393,15.7536,-33.8162,35.0662,-4.22596,-11.4625,-25.7197,4.33015,-0.343563,3.81066,-3.3856,-0.978272,-5.90207,-8.8109,0,3.71896,-8.19842,-104.585,46.0178,1.01096,-108.993,9.59905,-17.1905,-40.588,102.892,-88.4785,-35.3823,-5.58946,-38.0364,-31.9168,4.86283,-4.73375,-30.8475,-67.6342,22.4771,-9.93249,-2.62517,-101.794,87.7104,30.5115,41.9127,2.76324,-40.4307,-97.6331,20.5327,6.37457,
-11.3781,0,67.9842,0,29.1141,0,81.1831,0,0,-6.32041,482.102,-305.292,-693.915,-757.086,-220.034,-340.479,-382.43,-36.2575,-135.877,-96.6645,-264.25,84.8731,114.446,-167.59,0.272186,101.293,1004.91,972.212,311.299,-60.4667,405.817,-400.043,66.0224,61.2277,-170.374,-48.8628,-140.164,-16.9424,-9.42428,-40.9295,0,39.6963,-310.641,697.975,-1865.2,138.965,-2637.74,-527.98,-792.169,-719.689,-1254.27,-485.215,-959.704,-1090.13,-1600.03,-2224.55,9.16238,100.895,1294.04,1860.79,2453.76,2376.97,1870.67,1178.3,1646.15,2500.41,1026.76,-316.018,205.356,-939.773,1214.71,260.568,
150.053,0,405.406,0,-90.2427,0,9.4831,0,0,12.963,-305.292,1681.61,1252.81,1118.36,330.73,820.265,503.863,-176.127,137.929,-58.5506,353.3,-137.054,-168.511,334.888,0.0598174,-168.713,-906.375,-757.181,-107.66,403.351,-795.847,534.657,-302.253,-220.93,118.09,102.286,89.8949,-82.4201,-30.3341,54.1158,0,-17.5288,477.094,139.183,5892.51,3431,8258.72,3640.55,3196.34,2669.95,1386.72,1070.29,627.917,645.059,2151.23,-800.072,60.2476,-108.146,-788.227,-659.126,-2195.42,-1680.56,-2010.09,-1738.52,-2995.88,-3361.41,-1848.47,-416.024,-903.339,54.9094,-2002.33,-2541.63,
75.4253,0,113.943,0,-137.838,0,-94.7179,0,0,-28.9441,-693.915,1252.81,3786.33,2370.04,448.943,1595.03,1258.56,186.637,417.929,284.639,892.435,-353.043,-306.915,665.866,-2.21782,-551.2,-2829.47,-3137.18,-665.889,190.052,-1476.44,1470.01,-99.7978,-273.607,402.398,180.512,412.132,-36.3498,30.6467,163.213,0,-134.906,935.744,-793.348,7184.91,1681.7,12799.9,3510.84,4677.66,3342.76,3949.21,3213.36,3338.26,3081.41,6298.56,5818.13,-13.2263,-252.71,-3163.05,-4146.02,-7016.59,-6854.37,-7399.43,-4457.1,-7597.79,-7303.72,-3059.6,23.1622,-597.189,2643.7,-4325.4,-2756.3,
110.376,0,-336.5,0,-117.247,0,-7.00299,0,0,16.7914,-757.086,1118.36,2370.04,3746.81,852.989,1362.75,1377.14,-0.69123,858.25,548.703,857.171,-151.294,-302.18,768.235,-0.401806,-765.641,-4134.75,-3364.6,-1698.68,-6.03828,-1180.29,1205.22,-499.501,-46.8526,331.705,192.217,372.176,33.6605,25.0057,-9.62273,0,-135.747,491.71,-2453.49,5607.21,2995.5,11662.1,4240.36,6212.36,4439.5,7523.66,4128.93,4595.24,3174.79,5682.53,10131.4,-25.0113,-344.14,-4511.55,-6912.12,-10031.3,-11399.1,-9533.76,-8399.08,-9537.12,-8693.01,-3729.09,-1163.22,-775.922,2245.07,-3812.64,-1729.04,
41.4544,0,-206.224,0,-22.3161,0,6.6894,0,0,1.99071,-220.034,330.73,448.943,852.989,1182.15,197.027,350.394,20.3311,373.489,136.159,206.609,23.9802,-110.664,203.83,0.806671,-255.403,-1258.48,-770.931,-595.772,-44.3173,-210.935,209.881,-186.743,47.4005,81.3717,81.5793,89.6656,14.2059,25.6252,-36.4039,0,-41.484,52.6276,-703.186,1724.18,1339.71,2356.84,1609.71,2073.34,2399.19,2151.62,1798.24,1318.43,1072.12,1072.27,3359.46,-27.9988,-122.318,-1081.62,-2222.99,-3570.16,-3652.96,-2117.11,-2671.07,-2589.54,-3347.94,-1578.72,-366.717,-456.22,583.007,-1035.38,-238.351,
70.4123,0,-57.5822,0,-90.6486,0,80.0753,0,0,-7.26378,-340.479,820.265,1595.03,1362.75,197.027,1620.3,770.33,12.6616,275.297,200.102,500.847,-123.34,-139.51,494.442,-1.28521,-426.295,-1783.66,-1655.73,-405.614,225.529,-932.004,746.765,-202.225,-81.9861,170.198,71.1397,196.783,-26.6581,-1.91239,113.342,0,-41.8086,469.414,-691.848,4304.71,1238.9,8397.53,2261.58,2849.58,3066.55,2792.2,2435.06,2665,2085.94,3940.24,4225.63,30.536,-125.036,-2007.83,-2622.62,-4396.58,-4402.72,-4918.25,-2996.45,-4826.29,-4264.7,-1740.5,209.347,-576.517,1279.9,-2007.17,-1840.58,
-17.2097,0,-416.161,0,-37.7194,0,-30.9674,0,0,5.64174,-382.43,503.863,1258.56,1377.14,350.394,770.33,1518.26,-95.9357,350.633,318.98,681.937,-114.188,-163.33,375.228,-0.801059,-384.939,-2130.71,-1826.83,-707.543,157.272,-661.994,753.475,-136.175,-2.66703,252.955,112.636,255.557,12.2821,53.0696,52.592,0,-73.7932,368.076,-1888.61,3556.69,-452.351,5827.12,1114.64,2341.21,2007.74,2970.22,2525,2522.72,2340.25,3476.68,6209.08,-22.6416,-167.987,-2749.5,-4413.57,-6509.92,-5333.64,-5321.82,-3735.29,-3982.2,-4645.54,-1926.7,608.129,-234.167,1882.19,-2224.41,-684.916,
-30.8819,0,-178.741,0,-3.65022,0,29.181,0,0,-19.2215,-36.2575,-176.127,186.637,-0.69123,20.3311,12.6616,-95.9357,723.497,5.90302,-63.8117,-125.919,85.0814,-51.5475,132.203,-0.369743,-114.092,-218.05,-263.253,19.5531,-139.347,-114.689,-46.9307,94.2174,47.6732,2.85161,-24.946,24.0071,0.950363,3.65085,35.2966,0,-2.80462,-4.1701,152.181,-1232.43,-1248.74,-1673.06,-828.082,-835.308,1192.31,213.501,877.001,829.844,1249.06,875.622,1926.81,-23.7605,-19.3209,408.199,-97.1887,304.399,-599.088,57.756,125.152,-391.572,-678.876,320.275,724.206,-348.831,260.582,364.681,229.787,
8.66382,0,-339.032,0,-11.9223,0,93.6703,0,0,4.03648,-135.877,137.929,417.929,858.25,373.489,275.297,350.633,5.90302,684.628,209.857,181.484,58.1246,-38.2504,230.939,0.300886,-330.515,-1313.22,-819.032,-695.303,-72.1286,-101.649,170.01,-184.445,125.204,2.58805,61.7696,71.5809,21.3977,9.73518,-63.8746,0,-34.5729,-114.861,-899.635,283.347,938.847,2079.66,1227.24,2107.97,1993.66,2873.13,2071.25,1852.01,1077.32,1326.12,4557.33,-23.0281,-98.4851,-1227.71,-2408.03,-3420.9,-4184.98,-3325.63,-3431.02,-3207.46,-2381.76,-908.426,-654.825,-174.218,401.598,-583.909,6.42271,
-18.2829,0,-263.441,0,-6.02292,0,30.1192,0,0,-6.9645,-96.6645,-58.5506,284.639,548.703,136.159,200.102,318.98,-63.8117,209.857,458.083,193.754,-29.0846,5.26972,100.497,-0.242546,-220.525,-975.57,-757.827,-452.025,-145.353,-45.4893,224.375,-41.6428,69.2698,40.2175,22.0364,83.4409,41.0586,27.8494,-12.1283,0,-39.3546,-39.0672,-818.483,-103.904,-15.9462,1763.16,267.504,1236.89,383.428,1806.26,1136.95,1346.49,553.829,1008.79,3575.63,-27.3403,-47.1906,-1346.35,-2013.98,-2920.52,-3061.45,-2787.35,-2193.99,-2238.85,-1403.32,-685.733,-362.72,255.044,824.896,-563.179,247.685,
-23.4855,0,-177.77,0,-20.597,0,-93.3754,0,0,2.43285,-264.25,353.3,892.435,857.171,206.609,500.847,681.937,-125.919,181.484,193.754,729.251,-165.82,-109.657,153.815,-0.603321,-149.521,-1195.54,-1182.78,-376.582,174.744,-411.419,613.098,-29.104,-51.4936,210.182,96.3755,193.773,12.4191,42.6621,44.6422,0,-61.7697,359.579,-1156.74,2904.3,-405.105,4153.72,739.314,1407.46,464.375,1287.91,1015.59,1128.58,1146.94,2031.96,3055.33,-19.5834,-107.006,-1912.68,-2698.44,-4188.52,-2840.98,-3140.03,-1786.58,-2043.93,-2920.02,-1397.29,387.88,98.0047,1452.06,-1868.75,-353.054,
5.6308,0,-147.944,0,13.7267,0,94.6089,0,0,8.40792,84.8731,-137.054,-353.043,-151.294,23.9802,-123.34,-114.188,85.0814,58.1246,-29.0846,-165.82,256.117,-4.65179,45.7903,0.508353,-95.3249,-31.3587,296.991,-130.9,-89.4907,160.927,-286.835,-73.8755,101.837,-117.715,-23.2069,-85.621,-18.9291,-5.4008,-57.0877,0,26.075,-325.834,-153.883,-1259.42,183.355,-1849.09,-177.444,94.7955,935.442,628.972,799.622,224.414,160.916,-345.552,824.628,2.47986,7.82976,530.581,64.91,263.38,-350.281,154.795,-931.051,-161.679,406.96,446.667,-126.391,-317.791,-692.011,839.096,49.5599,
-10.6425,0,14.5311,0,11.0138,0,45.6304,0,0,-6.85483,114.446,-168.511,-306.915,-302.18,-110.664,-139.51,-163.33,-51.5475,-38.2504,5.26972,-109.657,-4.65179,203.172,-96.1801,-0.0591763,47.9092,410.252,359.85,134.089,-40.446,189.259,-137.967,39.2581,36.8349,-65.9446,-29.8695,-46.941,11.1716,-10.8629,-6.58217,0,13.5474,-86.4009,328.462,-1032.37,-8.90038,-759.82,-242.556,-391.901,-530.247,-533.973,-378.387,-216.023,-556.776,-660.923,-716.679,2.28992,52.7876,308.789,715.25,950.036,854.412,521.529,686.692,586.515,1140.87,381.997,-225.551,286.494,-196.87,507.838,302.109,
38.9737,0,-184.34,0,-42.4511,0,100.937,0,0,5.13261,-167.59,334.888,665.866,768.235,203.83,494.442,375.228,132.203,230.939,100.497,153.815,45.7903,-96.1801,510.942,-0.331059,-305.848,-1160.99,-837.653,-372.874,67.1348,-442.44,244.263,-175.973,38.251,31.0654,21.2584,66.6753,-14.5322,-14.3266,21.3045,0,-8.90356,78.0535,-590.497,1320.25,606.715,3179.37,1022.27,1498.9,2459.27,2241.97,1865.36,1858.13,1506.77,2137.72,3482.85,15.0316,-79.9071,-925.102,-1702.52,-2378.54,-3062.67,-2815.09,-2330.59,-2845.37,-2408.51,-695.911,107.07,-564.864,334.585,-511.59,-804.856,
0.158948,0,0.0865499,0,0.0933279,0,-0.00598848,0,0,0.085593,0.272186,0.0598174,-2.21782,-0.401806,0.806671,-1.28521,-0.801059,-0.369743,0.300886,-0.242546,-0.603321,0.508353,-0.0591763,-0.331059,0.0235486,0.143136,0.652376,2.38861,-0.766142,-0.305676,1.27937,-1.32538,-0.621137,0.22281,-0.39132,0.0909335,-0.411769,-0.0825162,0.0146217,-0.483405,0,0.0675032,-1.35627,-0.4519,-1.45384,5.80075,-7.73288,2.24357,2.33315,1.48364,1.07769,0.328214,-3.24686,-2.61467,-6.29336,-4.0283,-0.00388916,-0.0322451,2.49644,1.1604,0.901875,0.114657,4.66748,-3.53604,2.06005,1.2002,-0.178622,-2.84456,-1.25521,-3.88727,1.71577,0.390258,
-42.1858,0,293.12,0,30.714,0,-144.001,0,0,11.363,101.293,-168.713,-551.2,-765.641,-255.403,-426.295,-384.939,-114.092,-330.515,-220.525,-149.521,-95.3249,47.9092,-305.848,0.143136,731.504,1376.14,843.459,561.38,210.931,200.088,-148.254,152.242,-88.2019,44.6228,-20.4135,-31.1373,13.1223,-30.6771,26.4979,0,28.0354,215.668,712.492,-409.209,-1152.76,-2792.09,-1156.58,-2424.92,-2712.91,-2897.57,-2942.88,-2069.57,-1300.38,-1845.88,-4804.98,15.0001,72.3885,898.286,2100.49,3444.97,4236.98,3522.28,3725.48,3969.98,2374.46,852.57,492.371,471.803,-361.724,362.98,765.481,
-81.7641,0,1184.59,0,126.095,0,-77.7775,0,0,-20.3393,1004.91,-906.375,-2829.47,-4134.75,-1258.48,-1783.66,-2130.71,-218.05,-1313.22,-975.57,-1195.54,-31.3587,410.252,-1160.99,0.652376,1376.14,7794.2,4932.87,2751.61,439.891,1367.58,-1401.81,649.878,-163.592,-381.561,-200.023,-492.766,-69.8256,-121.428,43.2352,0,189.838,-103.184,5011.43,-4795.46,-1832.43,-12320.2,-3663.49,-8126.1,-7396.27,-11845.3,-8101.36,-7971.04,-5936.41,-8382.49,-20032.8,81.8017,494.309,6895.82,12002,16901.5,18684.1,15061.1,14173.7,14331.4,12635.5,4811.93,717.292,1254.27,-3571.18,4180.29,1542.75,
19.2659,0,722.149,0,120.501,0,164.408,0,0,15.7536,972.212,-757.181,-3137.18,-3364.6,-770.931,-1655.73,-1826.83,-263.253,-819.032,-757.827,-1182.78,296.991,359.85,-837.653,2.38861,843.459,4932.87,5691.9,1619.86,136.369,1501.06,-1721.24,177.064,68.7845,-580.473,-172.474,-603.244,-105.678,-90.9598,-145.522,0,195.859,-897.642,3359.52,-5199.71,967.241,-11680.5,-1848.6,-4645.51,-3566.29,-7353,-4534.31,-6066.7,-5063.2,-7991.45,-14490.3,82.9792,398.476,6180.81,9173.3,12581.4,13175.1,11627.3,7770.6,10109.1,10377.6,3985.81,-664.172,276.093,-4614.17,4739.95,836.347,
-22.6744,0,585.935,0,13.0082,0,-50.7871,0,0,-33.8162,311.299,-107.66,-665.889,-1698.68,-595.772,-405.614,-707.543,19.5531,-695.303,-452.025,-376.582,-130.9,134.089,-372.874,-0.766142,561.38,2751.61,1619.86,2402.55,258.004,71.9722,-289.233,365.413,-188.441,-22.8793,-117.423,-121.562,-23.909,-51.7223,177.804,0,72.9473,429.289,2486.24,-116.518,-1698.2,-2445.32,-1672.98,-4153.73,-2324.17,-6086.27,-3413.41,-2713.04,-1596.74,-2060.13,-8479.17,54.5284,210.916,2515.29,5203.34,6896.78,8446.16,6156.75,7793.22,5958.37,4133.58,1561.19,1509.22,448.024,-498.214,1144.53,59.8265,
-28.0323,0,42.0017,0,-8.73334,0,-11.1649,0,0,35.0662,-60.4667,403.351,190.052,-6.03828,-44.3173,225.529,157.272,-139.347,-72.1286,-145.353,174.744,-89.4907,-40.446,67.1348,-0.305676,210.931,439.891,136.369,258.004,1383.13,-431.195,212.94,-89.1195,-27.9601,127.098,41.2414,71.2928,-3.02155,-78.7759,88.5788,0,38.4743,549.7,-4.68578,2399.12,-931.354,1801.79,312.652,-1249.24,80.8778,-1249.21,-1324.9,-31.5856,483.489,634.978,-1808.98,58.0269,-3.59551,-273.397,273.992,937.682,2073.65,592.121,2263.2,1906.65,-202.451,39.6881,1183.54,-91.8133,35.9206,-429.921,-34.6419,
-59.3837,0,-40.8723,0,89.5832,0,29.2923,0,0,-4.22596,405.817,-795.847,-1476.44,-1180.29,-210.935,-932.004,-661.994,-114.689,-101.649,-45.4893,-411.419,160.927,189.259,-442.44,1.27937,200.088,1367.58,1501.06,71.9722,-431.195,1566.46,-783.928,134.112,146.642,-271.306,-41.0374,-220.647,3.68331,39.0778,-177.784,0,24.5858,-797.36,459.96,-4489.35,-30.3202,-7023.39,-1452.44,-1001.97,-2352.54,-1409.12,-854.589,-2082.88,-2219.25,-3707.1,-2521.88,-45.5475,123.036,1795.22,1970.43,2674,2682.09,3036.08,568.53,2699.51,4072.86,1500.51,-1170.15,657.778,-1382.63,1861.99,1434.72,
-13.3634,0,-42.28,0,-53.8917,0,-131.628,0,0,-11.4625,-400.043,534.657,1470.01,1205.22,209.881,746.765,753.475,-46.9307,170.01,224.375,613.098,-286.835,-137.967,244.263,-1.32538,-148.254,-1401.81,-1721.24,-289.233,212.94,-783.928,1369.46,-9.33499,-164.699,322.389,94.1299,290.302,29.3251,21.9042,128.867,0,-79.6717,730.582,-804.682,3898.55,-496.131,6577.85,1087.27,1379.45,497.363,1277.38,609.918,1665.93,1575.48,3157.31,3120.41,-14.8387,-129.03,-2425.43,-2739.13,-4194.78,-3158.66,-3854.98,-1108.29,-2827.34,-3813.41,-1764.88,591.107,169.849,2187.83,-2571.27,-654.409,
-64.8781,0,35.5087,0,20.4829,0,-87.6849,0,0,-25.7197,66.0224,-302.253,-99.7978,-499.501,-186.743,-202.225,-136.175,94.2174,-184.445,-41.6428,-29.104,-73.8755,39.2581,-175.973,-0.621137,152.242,649.878,177.064,365.413,-89.1195,134.112,-9.33499,562.08,-52.47,37.0742,-25.8825,21.849,14.3014,25.4599,45.3006,0,-13.3973,90.7394,460.816,-969.8,-1633.14,-1944.71,-1355.44,-1453.32,-1511.61,-1802.31,-798.511,-711.72,-245.771,-466.853,-1147.38,-30.6175,47.1548,457.562,836.377,1161.24,1864.47,1339.98,1985.59,1610.62,1062.08,457.732,554.821,480.323,510.736,70.1439,591.914,
-32.3534,0,-274.163,0,20.5269,0,86.9187,0,0,4.33015,61.2277,-220.93,-273.607,-46.8526,47.4005,-81.9861,-2.66703,47.6732,125.204,69.2698,-51.4936,101.837,36.8349,38.251,0.22281,-88.2019,-163.592,68.7845,-188.441,-27.9601,146.642,-164.699,-52.47,318.88,-64.8772,-12.3706,-21.1497,16.3816,-6.6796,-33.9125,0,11.8376,-194.101,-337.468,-1384.49,-497.179,-1383.56,-382.132,-123.305,560.39,666.959,680.875,654.735,365.913,-39.7459,1866.9,-8.76116,4.14463,-74.2943,-579.475,-451.466,-813.828,-607.053,-725.018,-221.983,99.8208,274.21,35.2366,14.2316,-117.952,575.355,575.889,
-26.9489,0,-44.9732,0,-11.2652,0,-112.019,0,0,-0.343563,-170.374,118.09,402.398,331.705,81.3717,170.198,252.955,2.85161,2.58805,40.2175,210.182,-117.715,-65.9446,31.0654,-0.39132,44.6228,-381.561,-580.473,-22.8793,127.098,-271.306,322.389,37.0742,-64.8772,310.045,24.9541,126.768,30.9585,4.68932,67.2792,0,-29.3375,379.753,-386.245,1323.88,-990.962,1303.27,-176.653,-392.474,-262.353,-158.378,-439.136,354.487,661.118,892.118,796.542,-9.92174,-53.6739,-923.323,-1022.49,-1243.83,-621.675,-580.335,573.006,40.0314,-1412.38,-638.522,695.263,103.294,990.057,-929.994,223.632,
-3.85585,0,-15.0932,0,-0.897769,0,-25.188,0,0,3.81066,-48.8628,102.286,180.512,192.217,81.5793,71.1397,112.636,-24.946,61.7696,22.0364,96.3755,-23.2069,-29.8695,21.2584,0.0909335,-20.4135,-200.023,-172.474,-117.423,41.2414,-41.0374,94.1299,-25.8825,-12.3706,24.9541,111.239,31.3845,-5.90938,7.17578,-15.6068,0,-14.0221,29.4423,-206.36,616.625,187.938,589.202,359.078,489.28,107.979,331.76,228.594,47.916,129.438,248.872,355.727,-7.69323,-29.6806,-243.821,-462.467,-769.894,-534.247,-507.112,-583.473,-401.455,-545.707,-263.271,-109.966,-24.7313,118.145,-410.756,-95.1675,
-24.948,0,-96.2617,0,-10.9256,0,-59.399,0,0,-3.3856,-140.164,89.8949,412.132,372.176,89.6656,196.783,255.557,24.0071,71.5809,83.4409,193.773,-85.621,-46.941,66.6753,-0.411769,-31.1373,-492.766,-603.244,-121.562,71.2928,-220.647,290.302,21.849,-21.1497,126.768,31.3845,179.298,23.0448,8.00148,41.8855,0,-30.0667,262.705,-404.726,924.116,-705.813,1398.64,-39.8929,55.2266,74.603,362.84,98.6949,627.057,704.025,1006.45,1471.31,-13.3476,-51.7663,-894.746,-1154.13,-1479.32,-1144.62,-1149.75,-164.047,-596.774,-1369.51,-561.159,404.057,105.782,868.813,-796.068,161.865,
-16.5059,0,-63.673,0,3.90661,0,-14.0908,0,0,-0.978272,-16.9424,-82.4201,-36.3498,33.6605,14.2059,-26.6581,12.2821,0.950363,21.3977,41.0586,12.4191,-18.9291,11.1716,-14.5322,-0.0825162,13.1223,-69.8256,-105.678,-23.909,-3.02155,3.68331,29.3251,14.3014,16.3816,30.9585,-5.90938,23.0448,72.0469,-5.22515,11.0091,0,-5.18594,63.8734,-103.899,-300.145,-430.795,-172.657,-273.041,-321.093,-226.056,-12.7803,-222.713,196.536,90.9505,43.5861,489.539,-5.8154,-2.36034,-285.912,-274.511,-201.338,-231.743,-145.508,243.399,114.561,-119.148,-51.8989,122.529,149.103,268.766,-15.1785,356.492,
-4.54238,0,-29.1998,0,2.42361,0,-17.8011,0,0,-5.90207,-9.42428,-30.3341,30.6467,25.0057,25.6252,-1.91239,53.0696,3.65085,9.73518,27.8494,42.6621,-5.4008,-10.8629,-14.3266,0.0146217,-30.6771,-121.428,-90.9598,-51.7223,-78.7759,39.0778,21.9042,25.4599,-6.6796,4.68932,7.17578,8.00148,-5.22515,67.5297,-8.25226,0,-12.8844,-43.6795,-119.706,25.0699,-34.1762,-70.6893,-57.0071,241.723,-21.418,96.2383,300.026,-2.79757,40.6722,28.8384,424.102,-13.5231,-9.5921,-82.2727,-286.494,-586.488,-368.7,-221.651,-367.102,-256.207,-246.394,-149.976,-37.1365,38.1796,164.573,-146.684,-14.0222,
-9.03726,0,13.3939,0,-12.4296,0,-16.0386,0,0,-8.8109,-40.9295,54.1158,163.213,-9.62273,-36.4039,113.342,52.592,35.2966,-63.8746,-12.1283,44.6422,-57.0877,-6.58217,21.3045,-0.483405,26.4979,43.2352,-145.522,177.804,88.5788,-177.784,128.867,45.3006,-33.9125,67.2792,-15.6068,41.8855,11.0091,-8.25226,163.605,0,-0.0875018,237.881,147.924,572.423,-649.129,866.695,-221.882,-621.833,64.5257,-563.415,-292.145,253.401,351.646,504.886,-78.7331,7.56813,3.43128,-221.496,35.3261,95.3629,365.873,85.0096,1068.81,312.455,-366.252,-136.44,573.257,35.0262,466.272,-191.365,-5.46528,
0,0,0,0,0,0,0,0,0,0,0,0,0,0,0,0,0,0,0,0,0,0,0,0,0,0,0,0,0,0,0,0,0,0,0,0,0,0,0,0,0,0,0,0,0,0,0,0,0,0,0,0,0,0,0,0,0,0,0,0,0,0,0,0,0,0,0,0,0,0,0,0,
3.11321,0,16.1659,0,2.36352,0,21.2544,0,0,3.71896,39.6963,-17.5288,-134.906,-135.747,-41.484,-41.8086,-73.7932,-2.80462,-34.5729,-39.3546,-61.7697,26.075,13.5474,-8.90356,0.0675032,28.0354,189.838,195.859,72.9473,38.4743,24.5858,-79.6717,-13.3973,11.8376,-29.3375,-14.0221,-30.0667,-5.18594,-12.8844,-0.0875018,0,35.1993,-29.2658,112.235,-200.264,-5.4594,-421.963,-82.178,-266.668,9.77725,-233.585,-165.938,-121.299,-104.369,-222.316,-499.938,10.9296,17.1264,243.685,378.534,613.293,537.84,433.481,335.507,417.408,424.922,227.396,59.4568,-50.5183,-252.041,287.3,-4.4713,
-26.4878,0,148.978,0,-49.1894,0,-174.25,0,0,-8.19842,-310.641,477.094,935.744,491.71,52.6276,469.414,368.076,-4.1701,-114.861,-39.0672,359.579,-325.834,-86.4009,78.0535,-1.35627,215.668,-103.184,-897.642,429.289,549.7,-797.36,730.582,90.7394,-194.101,379.753,29.4423,262.705,63.8734,-43.6795,237.881,0,-29.2658,1719.89,193.176,3766.02,-1808.66,4643.74,164.034,-1669.47,-279.536,-1686.04,-1918.97,654.013,1134.55,2033.17,-768.132,23.5847,-57.7323,-1593.57,-557.042,-509.364,862.064,-144.461,3674.35,1073.02,-2409.74,-1231.44,1821.97,256.025,1993.94,-1832.39,99.528,
152.488,0,1637.67,0,-36.1627,0,155.34,0,0,-104.585,697.975,139.183,-793.348,-2453.49,-703.186,-691.848,-1888.61,152.181,-899.635,-818.483,-1156.74,-153.883,328.462,-590.497,-0.4519,712.492,5011.43,3359.52,2486.24,-4.68578,459.96,-804.682,460.816,-337.468,-386.245,-206.36,-404.726,-103.899,-119.706,147.924,0,112.235,193.176,9677.67,-1867.86,3557.22,-1168.5,1172.69,-2971.13,-1870.01,-8439.31,-4395.77,-4976.54,-4765.59,-4744.05,-16858.4,84.4098,383.295,6107.82,11458.2,13921.4,13178.2,10736.4,10722.9,6153.53,7753.3,2264.41,-1209.47,413.996,-2668.22,2367.82,-1521.61,
556.861,0,1800.25,0,-413.988,0,-547.834,0,0,46.0178,-1865.2,5892.51,7184.91,5607.21,1724.18,4304.71,3556.69,-1232.43,283.347,-103.904,2904.3,-1259.42,-1032.37,1320.25,-1.45384,-409.209,-4795.46,-5199.71,-116.518,2399.12,-4489.35,3898.55,-969.8,-1384.49,1323.88,616.625,924.116,-300.145,25.0699,572.423,0,-200.264,3766.02,-1867.86,41550.6,9721.69,42922.4,14882.4,12520.6,9287.11,2634.89,3205.28,2182.56,4488.13,12055.4,-3493.29,214.746,-659.442,-7257.85,-7275.32,-16882.7,-7601.32,-10125.5,-4035.6,-11032.3,-20319,-11850,1851.78,-3232.64,4729.12,-13678.5,-11097.5,
1001.84,0,2499.67,0,-283.363,0,706.78,0,0,1.01096,138.965,3431,1681.7,2995.5,1339.71,1238.9,-452.351,-1248.74,938.847,-15.9462,-405.105,183.355,-8.90038,606.715,5.80075,-1152.76,-1832.43,967.241,-1698.2,-931.354,-30.3202,-496.131,-1633.14,-497.179,-990.962,187.938,-705.813,-430.795,-34.1762,-649.129,0,-5.4594,-1808.66,3557.22,9721.69,37285.1,22387.8,18428,21274.5,9735.96,11090.7,7104.35,-1730.23,-6986.3,-2214.2,-9041.86,195.913,-92.425,2476.02,3826.76,-3204.75,-8693.31,-5507.04,-17306.3,-17463.8,-3017.66,-5152.69,-13197.3,-3278.04,-7355.12,-2048.81,-11237,
1017.52,0,1823.45,0,-853.12,0,511.914,0,0,-108.993,-2637.74,8258.72,12799.9,11662.1,2356.84,8397.53,5827.12,-1673.06,2079.66,1763.16,4153.72,-1849.09,-759.82,3179.37,-7.73288,-2792.09,-12320.2,-11680.5,-2445.32,1801.79,-7023.39,6577.85,-1944.71,-1383.56,1303.27,589.202,1398.64,-172.657,-70.6893,866.695,0,-421.963,4643.74,-1168.5,42922.4,22387.8,95909.2,25953.4,29112.8,20374.9,18999.6,14258.2,16530.8,7454.32,26017.1,17192.2,311.507,-842.441,-16836.7,-15569,-33633.2,-31340.2,-37561.1,-20879.4,-39891,-32518,-18731.1,-5284.65,-2547.01,9671.36,-19282.7,-17938.9,
659.944,0,1328.91,0,-275.561,0,453.944,0,0,9.59905,-527.98,3640.55,3510.84,4240.36,1609.71,2261.58,1114.64,-828.082,1227.24,267.504,739.314,-177.444,-242.556,1022.27,2.24357,-1156.58,-3663.49,-1848.6,-1672.98,312.652,-1452.44,1087.27,-1355.44,-382.132,-176.653,359.078,-39.8929,-273.041,-57.0071,-221.882,0,-82.178,164.034,1172.69,14882.4,18428,25953.4,27110.5,14716.8,10034.7,9722.35,7079.45,2869.84,-1021.47,4418.17,187.688,141.953,-298.008,-2129.08,-2228.39,-9225.81,-11318.2,-10473.2,-13986.3,-16632.5,-9681.97,-6845.86,-7375.18,-2682.08,-1963.03,-5284.96,-8526.28,
647.359,0,288.965,0,-274.127,0,587.682,0,0,-17.1905,-792.169,3196.34,4677.66,6212.36,2073.34,2849.58,2341.21,-835.308,2107.97,1236.89,1407.46,94.7955,-391.901,1498.9,2.33315,-2424.92,-8126.1,-4645.51,-4153.73,-1249.24,-1001.97,1379.45,-1453.32,-123.305,-392.474,489.28,55.2266,-321.093,241.723,-621.833,0,-266.668,-1669.47,-2971.13,12520.6,21274.5,29112.8,14716.8,35707.1,11428.8,18877.1,15862.1,6479.11,908.947,7439.22,15703.2,-36.5548,-523.649,-4964.36,-10153,-22400.9,-25605.9,-22258.7,-30000.2,-28696.3,-14262.1,-8377.68,-10729.5,-2614.57,-953.116,-6848.75,-9783.82,
475.677,0,-1499.52,0,-284.402,0,1255.88,0,0,-40.588,-719.689,2669.95,3342.76,4439.5,2399.19,3066.55,2007.74,1192.31,1993.66,383.428,464.375,935.442,-530.247,2459.27,1.48364,-2712.91,-7396.27,-3566.29,-2324.17,80.8778,-2352.54,497.363,-1511.61,560.39,-262.353,107.979,74.603,-226.056,-21.418,64.5257,0,9.77725,-279.536,-1870.01,9287.11,9735.96,20374.9,10034.7,11428.8,35152.5,13115.2,17920.1,13051.1,10674.9,12208.5,24034.6,86.6749,-500.899,-2694.09,-9104.39,-16991.4,-21025.5,-15534.3,-17389.4,-21235.7,-18937.3,-6733.85,127.819,-5940.74,82.6994,-1225.88,-7061.73,
331.412,0,-1970.67,0,-197.082,0,702.751,0,0,102.892,-1254.27,1386.72,3949.21,7523.66,2151.62,2792.2,2970.22,213.501,2873.13,1806.26,1287.91,628.972,-533.973,2241.97,1.07769,-2897.57,-11845.3,-7353,-6086.27,-1249.21,-1409.12,1277.38,-1802.31,666.959,-158.378,331.76,362.84,-12.7803,96.2383,-563.415,0,-233.585,-1686.04,-8439.31,2634.89,11090.7,18999.6,9722.35,18877.1,13115.2,34949.9,15713.5,13549.6,7347.54,12023.8,35374.6,-67.1396,-785.438,-9706.63,-19222.1,-26525.7,-36041.9,-28869.7,-33551.9,-30268.2,-17797.9,-6280.26,-6922.9,-3035.65,1038.04,-4181.29,-4100.61,
214.137,0,-1984.2,0,-143.978,0,961.113,0,0,-88.4785,-485.215,1070.29,3213.36,4128.93,1798.24,2435.06,2525,877.001,2071.25,1136.95,1015.59,799.622,-378.387,1865.36,0.328214,-2942.88,-8101.36,-4534.31,-3413.41,-1324.9,-854.589,609.918,-798.511,680.875,-439.136,228.594,98.6949,-222.713,300.026,-292.145,0,-165.938,-1918.97,-4395.77,3205.28,7104.35,14258.2,7079.45,15862.1,17920.1,15713.5,28131.1,10657.6,8070.85,10596.7,29343.6,-139.664,-438.26,-3620.14,-12655.7,-22521.9,-24688.6,-20830.4,-24924.4,-23901,-14696.6,-5107.03,-2926.54,-3573.58,1210.37,-2146.67,-5515.27,
-18.4492,0,-2296.36,0,-176.833,0,687.744,0,0,-35.3823,-959.704,627.917,3338.26,4595.24,1318.43,2665,2522.72,829.844,1852.01,1346.49,1128.58,224.414,-216.023,1858.13,-3.24686,-2069.57,-7971.04,-6066.7,-2713.04,-31.5856,-2082.88,1665.93,-711.72,654.735,354.487,47.916,627.057,196.536,-2.79757,253.401,0,-121.299,654.013,-4976.54,2182.56,-1730.23,16530.8,2869.84,6479.11,13051.1,13549.6,10657.6,19404.2,9683.6,13039,30099.6,-35.5485,-439.628,-8631.68,-14170,-18832.5,-22590.6,-20610.7,-13607.1,-17824.8,-15349.6,-4559.84,1446.41,-1406.09,5395.13,-2630.1,-505.576,
-158.698,0,-2030.59,0,-107.528,0,160.163,0,0,-5.58946,-1090.13,645.059,3081.41,3174.79,1072.12,2085.94,2340.25,1249.06,1077.32,553.829,1146.94,160.916,-556.776,1506.77,-2.61467,-1300.38,-5936.41,-5063.2,-1596.74,483.489,-2219.25,1575.48,-245.771,365.913,661.118,129.438,704.025,90.9505,40.6722,351.646,0,-104.369,1134.55,-4765.59,4488.13,-6986.3,7454.32,-1021.47,908.947,10674.9,7347.54,8070.85,9683.6,14363.3,11452.1,22695.7,-63.9523,-480.14,-5935.45,-11637.4,-14372.3,-14666.1,-12419.3,-6629.38,-9103.69,-14308,-3499.12,5682.61,-2100.48,5266.61,-3151.16,35.0797,
17.4699,0,-1372.68,0,-292.973,0,195.558,0,0,-38.0364,-1600.03,2151.23,6298.56,5682.53,1072.27,3940.24,3476.68,875.622,1326.12,1008.79,2031.96,-345.552,-660.923,2137.72,-6.29336,-1845.88,-8382.49,-7991.45,-2060.13,634.978,-3707.1,3157.31,-466.853,-39.7459,892.118,248.872,1006.45,43.5861,28.8384,504.886,0,-222.316,2033.17,-4744.05,12055.4,-2214.2,26017.1,4418.17,7439.22,12208.5,12023.8,10596.7,13039,11452.1,20662.7,25127.4,-4.49169,-594.43,-9538.33,-14269.4,-19849.1,-20779.6,-21510.5,-11708.7,-18513.3,-19101.8,-6148.4,3649.52,-2021.91,7251.72,-7333.2,-4139.85,
-402.382,0,-6649.65,0,-123.318,0,894.756,0,0,-31.9168,-2224.55,-800.072,5818.13,10131.4,3359.46,4225.63,6209.08,1926.81,4557.33,3575.63,3055.33,824.628,-716.679,3482.85,-4.0283,-4804.98,-20032.8,-14490.3,-8479.17,-1808.98,-2521.88,3120.41,-1147.38,1866.9,796.542,355.727,1471.31,489.539,424.102,-78.7331,0,-499.938,-768.132,-16858.4,-3493.29,-9041.86,17192.2,187.688,15703.2,24034.6,35374.6,29343.6,30099.6,22695.7,25127.4,82897.9,-445.189,-1262.42,-20511.4,-39492.6,-51737.7,-58368.3,-47843,-40803.9,-39594.2,-34325.3,-9805.06,2344.86,-1934.78,12974.6,-6398.96,3199.16,
12.452,0,44.5725,0,-5.47485,0,15.9104,0,0,4.86283,9.16238,60.2476,-13.2263,-25.0113,-27.9988,30.536,-22.6416,-23.7605,-23.0281,-27.3403,-19.5834,2.47986,2.28992,15.0316,-0.00388916,15.0001,81.8017,82.9792,54.5284,58.0269,-45.5475,-14.8387,-30.6175,-8.76116,-9.92174,-7.69323,-13.3476,-5.8154,-13.5231,7.56813,0,10.9296,23.5847,84.4098,214.746,195.913,311.507,141.953,-36.5548,86.6749,-67.1396,-139.664,-35.5485,-63.9523,-4.49169,-445.189,29.9492,8.27893,78.7906,241.589,357.855,302.482,137.119,189.012,119.724,141.475,63.914,19.7774,-72.2945,-156.898,78.5478,-153.678,
-5.05171,0,66.7155,0,8.63608,0,26.2571,0,0,-4.73375,100.895,-108.146,-252.71,-344.14,-122.318,-125.036,-167.987,-19.3209,-98.4851,-47.1906,-107.006,7.82976,52.7876,-79.9071,-0.0322451,72.3885,494.309,398.476,210.916,-3.59551,123.036,-129.03,47.1548,4.14463,-53.6739,-29.6806,-51.7663,-2.36034,-9.5921,3.43128,0,17.1264,-57.7323,383.295,-659.442,-92.425,-842.441,-298.008,-523.649,-500.899,-785.438,-438.26,-439.628,-480.14,-594.43,-1262.42,8.27893,117.773,500.267,926.9,1251.81,1294.97,894.009,913.949,861.754,1128.11,440.842,-16.9125,121.418,-283.921,456.692,87.3372,
86.7403,0,1361.93,0,112.102,0,226.665,0,0,-30.8475,1294.04,-788.227,-3163.05,-4511.55,-1081.62,-2007.83,-2749.5,408.199,-1227.71,-1346.35,-1912.68,530.581,308.789,-925.102,2.49644,898.286,6895.82,6180.81,2515.29,-273.397,1795.22,-2425.43,457.562,-74.2943,-923.323,-243.821,-894.746,-285.912,-82.2727,-221.496,0,243.685,-1593.57,6107.82,-7257.85,2476.02,-16836.7,-2129.08,-4964.36,-2694.09,-9706.63,-3620.14,-8631.68,-5935.45,-9538.33,-20511.4,78.7906,500.267,13196.8,14325.9,19074.1,18211.9,16950.9,9485.16,11492.5,13723.6,6094.77,-1088.8,-792.096,-7057.9,6466.71,-943.965,
197.667,0,3149.15,0,76.6994,0,145.535,0,0,-67.6342,1860.79,-659.126,-4146.02,-6912.12,-2222.99,-2622.62,-4413.57,-97.1887,-2408.03,-2013.98,-2698.44,64.91,715.25,-1702.52,1.1604,2100.49,12002,9173.3,5203.34,273.992,1970.43,-2739.13,836.377,-579.475,-1022.49,-462.467,-1154.13,-274.511,-286.494,35.3261,0,378.534,-557.042,11458.2,-7275.32,3826.76,-15569,-2228.39,-10153,-9104.39,-19222.1,-12655.7,-14170,-11637.4,-14269.4,-39492.6,241.589,926.9,14325.9,30290.1,32644.1,32609.2,26767,22888.5,20395.6,22540,8284.01,-1491.57,628.709,-8764.47,8060.08,-1453.9,
-13.4302,0,3531.71,0,200.846,0,33.202,0,0,22.4771,2453.76,-2195.42,-7016.59,-10031.3,-3570.16,-4396.58,-6509.92,304.399,-3420.9,-2920.52,-4188.52,263.38,950.036,-2378.54,0.901875,3444.97,16901.5,12581.4,6896.78,937.682,2674,-4194.78,1161.24,-451.466,-1243.83,-769.894,-1479.32,-201.338,-586.488,95.3629,0,613.293,-509.364,13921.4,-16882.7,-3204.75,-33633.2,-9225.81,-22400.9,-16991.4,-26525.7,-22521.9,-18832.5,-14372.3,-19849.1,-51737.7,357.855,1251.81,19074.1,32644.1,58286.7,45812.5,38981.4,35376,34155.8,34075,15205.8,981.916,1359.08,-12072.1,13619.8,2694.7,
-240.465,0,3579.27,0,291.7,0,-512.975,0,0,-9.93249,2376.97,-1680.56,-6854.37,-11399.1,-3652.96,-4402.72,-5333.64,-599.088,-4184.98,-3061.45,-2840.98,-350.281,854.412,-3062.67,0.114657,4236.98,18684.1,13175.1,8446.16,2073.65,2682.09,-3158.66,1864.47,-813.828,-621.675,-534.247,-1144.62,-231.743,-368.7,365.873,0,537.84,862.064,13178.2,-7601.32,-8693.31,-31340.2,-11318.2,-25605.9,-21025.5,-36041.9,-24688.6,-22590.6,-14666.1,-20779.6,-58368.3,302.482,1294.97,18211.9,32609.2,45812.5,62004.9,42000.8,42774,42499.5,32820,12739.3,5541.87,2818.46,-8597.19,9726.78,2942.77,
-72.5728,0,2858.89,0,290.625,0,-658.193,0,0,-2.62517,1870.67,-2010.09,-7399.43,-9533.76,-2117.11,-4918.25,-5321.82,57.756,-3325.63,-2787.35,-3140.03,154.795,521.529,-2815.09,4.66748,3522.28,15061.1,11627.3,6156.75,592.121,3036.08,-3854.98,1339.98,-607.053,-580.335,-507.112,-1149.75,-145.508,-221.651,85.0096,0,433.481,-144.461,10736.4,-10125.5,-5507.04,-37561.1,-10473.2,-22258.7,-15534.3,-28869.7,-20830.4,-20610.7,-12419.3,-21510.5,-47843,137.119,894.009,16950.9,26767,38981.4,42000.8,48900.7,33841.2,36458.5,25071.7,9629.72,3763.87,843.261,-8494.31,9810.88,4403.76,
-430.505,0,2178.67,0,171.074,0,-820.475,0,0,-101.794,1178.3,-1738.52,-4457.1,-8399.08,-2671.07,-2996.45,-3735.29,125.152,-3431.02,-2193.99,-1786.58,-931.051,686.692,-2330.59,-3.53604,3725.48,14173.7,7770.6,7793.22,2263.2,568.53,-1108.29,1985.59,-725.018,573.006,-583.473,-164.047,243.399,-367.102,1068.81,0,335.507,3674.35,10722.9,-4035.6,-17306.3,-20879.4,-13986.3,-30000.2,-17389.4,-33551.9,-24924.4,-13607.1,-6629.38,-11708.7,-40803.9,189.012,913.949,9485.16,22888.5,35376,42774,33841.2,53792.7,37448.4,18776,7148.04,11181.5,3781.44,771.466,5439.69,7114.52,
-595.488,0,1265.62,0,430.746,0,-929.825,0,0,87.7104,1646.15,-2995.88,-7597.79,-9537.12,-2589.54,-4826.29,-3982.2,-391.572,-3207.46,-2238.85,-2043.93,-161.679,586.515,-2845.37,2.06005,3969.98,14331.4,10109.1,5958.37,1906.65,2699.51,-2827.34,1610.62,-221.983,40.0314,-401.455,-596.774,114.561,-256.207,312.455,0,417.408,1073.02,6153.53,-11032.3,-17463.8,-39891,-16632.5,-28696.3,-21235.7,-30268.2,-23901,-17824.8,-9103.69,-18513.3,-39594.2,119.724,861.754,11492.5,20395.6,34155.8,42499.5,36458.5,37448.4,47399.5,23918.5,10363.8,8644.52,3353.82,-4227.33,8535.42,9688.24,
-221.294,0,1806.14,0,334.827,0,179.023,0,0,30.5115,2500.41,-3361.41,-7303.72,-8693.01,-3347.94,-4264.7,-4645.54,-678.876,-2381.76,-1403.32,-2920.02,406.96,1140.87,-2408.51,1.2002,2374.46,12635.5,10377.6,4133.58,-202.451,4072.86,-3813.41,1062.08,99.8208,-1412.38,-545.707,-1369.51,-119.148,-246.394,-366.252,0,424.922,-2409.74,7753.3,-20319,-3017.66,-32518,-9681.97,-14262.1,-18937.3,-17797.9,-14696.6,-15349.6,-14308,-19101.8,-34325.3,141.475,1128.11,13723.6,22540,34075,32820,25071.7,18776,23918.5,36727.1,12971.4,-2902.35,3193.38,-10214.8,12065.1,4171.71,
-217.735,0,101.493,0,172.415,0,180.013,0,0,41.9127,1026.76,-1848.47,-3059.6,-3729.09,-1578.72,-1740.5,-1926.7,320.275,-908.426,-685.733,-1397.29,446.667,381.997,-695.911,-0.178622,852.57,4811.93,3985.81,1561.19,39.6881,1500.51,-1764.88,457.732,274.21,-638.522,-263.271,-561.159,-51.8989,-149.976,-136.44,0,227.396,-1231.44,2264.41,-11850,-5152.69,-18731.1,-6845.86,-8377.68,-6733.85,-6280.26,-5107.03,-4559.84,-3499.12,-6148.4,-9805.06,63.914,440.842,6094.77,8284.01,15205.8,12739.3,9629.72,7148.04,10363.8,12971.4,11190.9,248.336,661.757,-4609.1,6442.52,2711.85,
-339.659,0,-934.782,0,38.4758,0,-308.236,0,0,2.76324,-316.018,-416.024,23.1622,-1163.22,-366.717,209.347,608.129,724.206,-654.825,-362.72,387.88,-126.391,-225.551,107.07,-2.84456,492.371,717.292,-664.172,1509.22,1183.54,-1170.15,591.107,554.821,35.2366,695.263,-109.966,404.057,122.529,-37.1365,573.257,0,59.4568,1821.97,-1209.47,1851.78,-13197.3,-5284.65,-7375.18,-10729.5,127.819,-6922.9,-2926.54,1446.41,5682.61,3649.52,2344.86,19.7774,-16.9125,-1088.8,-1491.57,981.916,5541.87,3763.87,11181.5,8644.52,-2902.35,248.336,12209.3,-550.695,3757.33,-93.1803,2794.95,
-191.476,0,-60.2286,0,75.9117,0,-183.634,0,0,-40.4307,205.356,-903.339,-597.189,-775.922,-456.22,-576.517,-234.167,-348.831,-174.218,255.044,98.0047,-317.791,286.494,-564.864,-1.25521,471.803,1254.27,276.093,448.024,-91.8133,657.778,169.849,480.323,14.2316,103.294,-24.7313,105.782,149.103,38.1796,35.0262,0,-50.5183,256.025,413.996,-3232.64,-3278.04,-2547.01,-2682.08,-2614.57,-5940.74,-3035.65,-3573.58,-1406.09,-2100.48,-2021.91,-1934.78,-72.2945,121.418,-792.096,628.709,1359.08,2818.46,843.261,3781.44,3353.82,3193.38,661.757,-550.695,4706.96,1338.9,-202.731,2647.36,
-244.721,0,-967.266,0,-65.9148,0,-413.242,0,0,-97.6331,-939.773,54.9094,2643.7,2245.07,583.007,1279.9,1882.19,260.582,401.598,824.896,1452.06,-692.011,-196.87,334.585,-3.88727,-361.724,-3571.18,-4614.17,-498.214,35.9206,-1382.63,2187.83,510.736,-117.952,990.057,118.145,868.813,268.766,164.573,466.272,0,-252.041,1993.94,-2668.22,4729.12,-7355.12,9671.36,-1963.03,-953.116,82.6994,1038.04,1210.37,5395.13,5266.61,7251.72,12974.6,-156.898,-283.921,-7057.9,-8764.47,-12072.1,-8597.19,-8494.31,771.466,-4227.33,-10214.8,-4609.1,3757.33,1338.9,10017.4,-5629.62,2008.69,
-57.5613,0,-257.203,0,153.602,0,556.068,0,0,20.5327,1214.71,-2002.33,-4325.4,-3812.64,-1035.38,-2007.17,-2224.41,364.681,-583.909,-563.179,-1868.75,839.096,507.838,-511.59,1.71577,362.98,4180.29,4739.95,1144.53,-429.921,1861.99,-2571.27,70.1439,575.355,-929.994,-410.756,-796.068,-15.1785,-146.684,-191.365,0,287.3,-1832.39,2367.82,-13678.5,-2048.81,-19282.7,-5284.96,-6848.75,-1225.88,-4181.29,-2146.67,-2630.1,-3151.16,-7333.2,-6398.96,78.5478,456.692,6466.71,8060.08,13619.8,9726.78,9810.88,5439.69,8535.42,12065.1,6442.52,-93.1803,-202.731,-5629.62,9557.19,2522.99,
-486.605,0,-1351.11,0,230.748,0,-296.375,0,0,6.37457,260.568,-2541.63,-2756.3,-1729.04,-238.351,-1840.58,-684.916,229.787,6.42271,247.685,-353.054,49.5599,302.109,-804.856,0.390258,765.481,1542.75,836.347,59.8265,-34.6419,1434.72,-654.409,591.914,575.889,223.632,-95.1675,161.865,356.492,-14.0222,-5.46528,0,-4.4713,99.528,-1521.61,-11097.5,-11237,-17938.9,-8526.28,-9783.82,-7061.73,-4100.61,-5515.27,-505.576,35.0797,-4139.85,3199.16,-153.678,87.3372,-943.965,-1453.9,2694.7,2942.77,4403.76,7114.52,9688.24,4171.71,2711.85,2794.95,2647.36,2008.69,2522.99,10374.6,
