0,0,-2.93975,0,-0.107053,0,2.10734,0,0,-1.10091,1.79875,0.919944,0.821619,-3.51056,-2.92524,-0.880608,7.36683,-0.50421,-0.66398,-3.75214,-0.694174,-1.92546,-1.38405,0.817736,0,-1.31199,-3.41172,10.178,-0.193096,-0.302247,2.03361,-1.03629,4.20902,0.116632,-1.72758,-1.30666,2.22781,-1.93081,0.509203,-1.42087,0,0,-1.19321,-9.12913,-4.25784,4.52601,4.83293,-11.2826,-17.4937,-19.7681,32.009,-2.08394,14.1691,0.26702,1.25748,-5.13103,-0.910981,2.12433,-20.1825,-11.0883,0.0636563,36.4086,-0.767836,-15.675,2.08258,-7.4204,-3.82526,0.00813472,9.63479,-4.08806,-3.7764,10.8375,
0,0,0,0,0,0,0,0,0,0,0,0,0,0,0,0,0,0,0,0,0,0,0,0,0,0,0,0,0,0,0,0,0,0,0,0,0,0,0,0,0,0,0,0,0,0,0,0,0,0,0,0,0,0,0,0,0,0,0,0,0,0,0,0,0,0,0,0,0,0,0,0,
-2.93975,0,0,0,-3.51659,0,18.1848,0,0,-0.185328,3.97141,3.11161,10.6797,-12.2978,-16.2944,-0.584366,-0.825979,7.37393,8.34826,-6.63537,-0.234388,-3.39911,-0.367971,-5.6618,0,7.05018,-24.3704,-1.78706,16.4366,2.12705,-9.75838,7.3982,2.44547,7.32534,0.47264,0.00841592,1.90746,1.33483,0.847321,1.03733,0,0,-2.99477,-14.8724,-7.44152,9.76063,-36.6745,-7.42311,-20.4043,42.3869,23.7921,-9.93712,-10.6583,-26.0008,-1.79411,13.4965,-0.0621472,-1.46818,5.42212,24.5972,-7.48606,-4.56752,-3.16377,10.7609,37.4079,3.27308,-2.25051,-12.9091,-12.8365,9.19892,-10.5548,-6.43512,
0,0,0,0,0,0,0,0,0,0,0,0,0,0,0,0,0,0,0,0,0,0,0,0,0,0,0,0,0,0,0,0,0,0,0,0,0,0,0,0,0,0,0,0,0,0,0,0,0,0,0,0,0,0,0,0,0,0,0,0,0,0,0,0,0,0,0,0,0,0,0,0,
-0.107053,0,-3.51659,0,0,0,1.15261,0,0,0.0621897,-4.10277,0.0317303,-6.13502,-2.24233,4.47457,-0.753993,2.07506,1.91197,-2.32394,-0.109957,0.811198,-1.10471,-1.15934,2.00823,0,-2.27848,-1.35881,0.251353,-3.91501,-1.15983,1.61614,4.99308,3.69971,-1.91468,-0.042491,-0.809346,-1.39909,-0.175139,0.246591,1.4972,0,0,-2.40209,-4.46839,-2.05261,-9.7163,16.9634,-22.6618,9.66844,3.31203,-0.543506,3.72186,3.63172,-10.8902,-0.541213,15.4089,0.362785,-0.954131,3.58888,2.21643,-14.0969,5.03642,-3.64716,6.31155,-9.49356,3.03678,6.04699,-7.52044,-3.84517,4.98654,-1.26584,1.42751,
0,0,0,0,0,0,0,0,0,0,0,0,0,0,0,0,0,0,0,0,0,0,0,0,0,0,0,0,0,0,0,0,0,0,0,0,0,0,0,0,0,0,0,0,0,0,0,0,0,0,0,0,0,0,0,0,0,0,0,0,0,0,0,0,0,0,0,0,0,0,0,0,
2.10734,0,18.1848,0,1.15261,0,0,0,0,-0.612827,-3.8421,14.7925,23.2782,-10.9895,20.5387,11.6798,-5.33866,1.65798,-0.299115,2.12519,-0.803481,0.671065,-0.989982,-3.96949,0,2.50941,17.4483,-10.275,33.5436,34.0336,-5.46028,13.1351,-1.09922,3.62798,-2.48117,0.468847,-2.74183,0.865004,-1.17918,0.23114,0,0,-2.3772,-18.6245,27.7395,-21.5094,0.844465,-5.21549,-39.6154,-63.5914,-19.163,40.0981,7.9656,-8.99034,0.519937,-1.19359,0.673728,-0.733128,2.68005,37.3695,-7.97364,48.0515,-20.0203,4.40373,30.1781,7.76796,-9.76167,-9.28377,-12.2616,-10.6743,4.08963,2.84069,
0,0,0,0,0,0,0,0,0,0,0,0,0,0,0,0,0,0,0,0,0,0,0,0,0,0,0,0,0,0,0,0,0,0,0,0,0,0,0,0,0,0,0,0,0,0,0,0,0,0,0,0,0,0,0,0,0,0,0,0,0,0,0,0,0,0,0,0,0,0,0,0,
0,0,0,0,0,0,0,0,0,0,0,0,0,0,0,0,0,0,0,0,0,0,0,0,0,0,0,0,0,0,0,0,0,0,0,0,0,0,0,0,0,0,0,0,0,0,0,0,0,0,0,0,0,0,0,0,0,0,0,0,0,0,0,0,0,0,0,0,0,0,0,0,
-1.10091,0,-0.185328,0,0.0621897,0,-0.612827,0,0,0,-1.26432,1.48583,-3.23253,0.0507122,0.591155,3.68154,-1.59156,1.50175,1.84104,-0.75663,-0.577762,0.94702,0.110792,-0.133841,0,-2.01886,2.06732,-0.79399,1.04608,0.918223,-1.50424,1.49834,0.352372,1.51593,0.684967,-0.301579,0.209994,-0.0516192,-0.0556138,-1.06704,0,0,-1.71274,-2.26666,-1.06064,3.58247,12.0407,4.55314,5.05326,10.6811,-1.93897,7.41599,5.06181,-1.20694,7.37597,5.38177,0.103848,0.562457,-6.61863,-2.24911,5.00479,-2.88791,6.41066,3.77175,1.69542,-2.90987,4.58612,2.65684,1.96812,-0.976809,1.69223,-0.560532,
1.79875,0,3.97141,0,-4.10277,0,-3.8421,0,0,-1.26432,0,-2.94936,-8.67701,1.89174,-6.70681,-4.7477,6.22809,0.584112,-10.0658,-0.0760013,-2.18479,0.871804,-3.44454,-2.25603,0,0.334241,7.88658,16.4809,-5.91251,-13.9939,-5.66755,-4.6169,-5.29827,2.61175,6.17531,1.28113,-1.1304,-1.49392,0.16924,-4.10549,0,0,4.73307,0.28347,23.136,38.1084,-3.15305,55.0641,8.95252,-38.3651,-2.05246,-32.4174,34.9519,-1.2136,7.34175,-23.3182,1.08732,2.33493,-12.1217,13.7418,-14.3692,49.5492,-1.37229,20.9872,13.1061,-0.108815,-20.3846,-12.6961,10.2865,5.36204,8.88775,-6.51656,
0.919944,0,3.11161,0,0.0317303,0,14.7925,0,0,1.48583,-2.94936,0,4.82913,-19.1029,-15.1812,-24.0733,-30.8207,-0.6376,0.930221,2.07782,-2.6678,0.173597,-11.061,-4.92848,0,4.81364,14.6265,29.5146,29.3204,-2.27407,-10.9948,10.443,-11.7838,-6.60905,9.15621,2.58777,-1.88966,-1.37607,3.37834,-3.83031,0,0,-1.80461,13.2596,23.0414,12.4347,20.104,56.7554,62.1843,-45.1175,41.1964,-28.1736,56.0758,-29.3264,8.59511,44.8883,-0.422978,0.582111,28.8444,-47.0714,17.6523,-23.9538,-44.7193,7.00201,-1.39604,18.0472,-28.3821,-32.0498,4.8991,-14.1848,-12.3668,-19.5459,
0.821619,0,10.6797,0,-6.13502,0,23.2782,0,0,-3.23253,-8.67701,4.82913,0,-21.996,2.75654,33.219,-5.33994,-25.8844,-19.7993,-8.95148,-0.101892,10.4582,6.30406,-2.48451,0,-6.65271,19.5182,24.8001,25.5738,4.98012,-10.5442,1.22927,-10.6155,-4.77706,-6.13692,-2.05327,2.54055,-2.8945,-1.09156,0.308503,0,0,12.9488,-39.6473,-63.2981,-1.10696,37.2933,-70.0877,64.2007,31.9919,-14.8056,-33.3884,-7.14908,21.1512,-2.16555,-0.410114,0.110911,-1.91947,-35.2064,108.061,-108.194,-28.437,-99.0089,-11.3771,-43.2805,-28.4294,0.46641,-21.146,-26.8348,-29.0189,2.278,9.00711,
-3.51056,0,-12.2978,0,-2.24233,0,-10.9895,0,0,0.0507122,1.89174,-19.1029,-21.996,0,9.25906,-23.2181,3.46001,9.40905,-9.61132,7.79672,0.149697,-2.23321,-10.4545,-7.94369,0,4.00451,-37.6385,3.47783,-13.1442,-0.441199,0.576185,-10.4834,-7.06643,-2.0712,9.17022,0.47046,1.45085,6.61111,-1.64985,-2.56117,0,0,-22.0281,-48.5733,-41.1313,-45.4876,-97.4863,-1.60739,-27.9166,62.2859,13.6423,-16.6549,21.1382,-6.26105,18.4065,6.54275,-0.85289,-0.681912,10.6685,-73.9042,34.0397,52.8453,-16.5183,-9.22291,-45.0988,7.0857,10.2039,25.0756,20.6841,31.3281,9.22187,28.7896,
-2.92524,0,-16.2944,0,4.47457,0,20.5387,0,0,0.591155,-6.70681,-15.1812,2.75654,9.25906,0,-2.2531,8.55691,3.66446,-11.2824,-8.36345,-7.15958,2.18177,5.43788,-7.34458,0,-22.9261,-13.6244,-15.7745,11.7673,7.13615,42.2379,3.39025,-2.45951,4.40628,2.1317,-1.60511,-5.23726,-3.91628,-2.98185,0.948351,0,0,-11.6492,-26.3921,-26.2513,-61.9872,-79.9107,59.1876,13.1839,-7.61675,-21.8028,1.10702,3.42712,61.8425,19.665,16.8877,-0.687091,-1.4248,-0.540976,-2.26927,-30.8085,9.20113,63.7137,39.5502,-21.3549,-40.1488,-1.53115,6.33683,-6.79318,3.5896,9.58799,17.8178,
-0.880608,0,-0.584366,0,-0.753993,0,11.6798,0,0,3.68154,-4.7477,-24.0733,33.219,-23.2181,-2.2531,0,9.19071,0.0816988,6.49609,-9.81257,7.35768,0.992049,-1.99455,-0.389656,0,11.0019,36.3796,-27.5245,41.5026,16.6617,-17.5389,11.9685,-1.64324,-5.11125,-1.74023,-2.66743,3.88352,3.41599,-0.102121,3.06504,0,0,-0.820254,3.50385,-29.2392,15.323,-20.915,-70.6521,56.3908,-35.7747,3.22597,59.4043,-36.3182,0.997219,17.9952,-37.5074,1.18754,-3.97948,-35.2964,-12.5341,-6.84657,80.2467,-29.3182,0.947875,-9.3194,-25.1719,27.6091,47.983,30.1392,-2.04859,-0.10999,10.5371,
7.36683,0,-0.825979,0,2.07506,0,-5.33866,0,0,-1.59156,6.22809,-30.8207,-5.33994,3.46001,8.55691,9.19071,0,5.28542,5.07662,-9.28035,-2.69281,-3.82059,1.18137,-2.51981,0,2.53572,-13.862,-2.83133,-15.5698,7.42961,10.7928,-8.20893,1.46301,-2.59506,0.392344,1.02011,-1.71168,-1.42039,1.74634,4.62658,0,0,2.79064,-1.23717,-33.9051,-52.094,-18.9613,-8.95622,25.3301,-47.8488,14.5441,-16.9754,0.751083,34.8018,1.48492,-32.5755,-2.50217,0.888866,9.79852,13.2539,24.8733,2.29026,28.2037,-7.4862,-19.5343,-28.8659,5.5203,-28.9234,35.7403,-5.6569,-3.25574,-6.31928,
-0.50421,0,7.37393,0,1.91197,0,1.65798,0,0,1.50175,0.584112,-0.6376,-25.8844,9.40905,3.66446,0.0816988,5.28542,0,3.35497,-4.09624,5.06729,0.883252,-3.8961,1.79863,0,1.89421,8.94791,10.3608,8.84081,-9.41381,14.4805,1.37555,0.421435,-0.0694337,-1.01959,-5.61685,0.502353,-1.77928,0.248086,1.42057,0,0,-5.4897,-12.8822,-14.3622,16.4354,3.18872,-21.1685,-17.3883,23.2279,9.68574,-1.2297,-6.21315,-17.2129,-15.7584,12.1872,-0.865178,-1.74714,-19.3027,-25.8912,36.9685,-24.1303,34.6195,-26.4076,16.7428,-7.03847,-9.6199,-25.3393,-13.5028,-8.16977,-7.01294,1.75405,
-0.66398,0,8.34826,0,-2.32394,0,-0.299115,0,0,1.84104,-10.0658,0.930221,-19.7993,-9.61132,-11.2824,6.49609,5.07662,3.35497,0,-1.72697,5.05491,-5.6287,-1.7719,1.56923,0,5.85125,-15.3199,17.7938,-8.02982,6.94402,-0.0946146,-3.21221,-6.91869,4.29943,2.38075,1.03663,-1.6106,1.86124,1.28465,-1.12422,0,0,-3.98222,-4.80188,-7.79052,-4.47801,2.69582,25.7476,29.553,-23.2031,-2.93558,6.00092,2.8722,1.22933,8.5872,11.6561,-0.644195,-2.59575,0.446868,24.7809,17.5112,4.9976,3.74946,1.37176,-21.4268,-13.0629,-1.01704,1.50642,9.68702,-2.84318,-1.01142,16.095,
-3.75214,0,-6.63537,0,-0.109957,0,2.12519,0,0,-0.75663,-0.0760013,2.07782,-8.95148,7.79672,-8.36345,-9.81257,-9.28035,-4.09624,-1.72697,0,-0.116059,-2.72253,-2.00248,4.36756,0,-4.87958,-1.15838,-15.4233,-8.36742,1.40093,-5.79225,0.381318,-2.75491,1.0232,-3.09266,-2.13686,3.51781,0.435822,-0.179237,-1.1075,0,0,5.64255,18.82,-13.6021,13.7363,-4.64116,-14.98,-11.7,1.53037,-2.87889,12.1372,10.7626,7.40885,5.45865,-9.22511,0.165669,1.20598,1.79416,-30.4416,-35.0237,-0.360404,-2.05407,27.7463,-12.4392,16.8554,-2.05035,-2.58076,-13.3479,-11.6956,-0.640258,-0.570306,
-0.694174,0,-0.234388,0,0.811198,0,-0.803481,0,0,-0.577762,-2.18479,-2.6678,-0.101892,0.149697,-7.15958,7.35768,-2.69281,5.06729,5.05491,-0.116059,0,1.55255,1.11901,0.388668,0,0.720727,-0.809933,-2.00164,-8.97202,1.87399,1.69951,1.52998,1.26136,0.59912,-0.14531,0.173375,-1.02432,-0.215092,-0.242117,-1.93128,0,0,-2.70802,5.70535,4.24985,7.81231,-18.7089,-23.4251,-5.63434,1.34322,3.98572,-0.491699,-4.96687,-14.4118,-9.94322,8.23284,0.60627,-0.530343,5.60973,17.7268,10.2562,3.43214,-7.88646,-9.85001,-1.17733,14.2514,-8.88199,6.88764,-3.36789,-9.24802,-2.10946,3.02546,
-1.92546,0,-3.39911,0,-1.10471,0,0.671065,0,0,0.94702,0.871804,0.173597,10.4582,-2.23321,2.18177,0.992049,-3.82059,0.883252,-5.6287,-2.72253,1.55255,0,3.33196,-1.91444,0,-2.41915,17.714,-6.13318,2.86796,0.112294,1.49783,4.89349,-3.97899,1.19223,0.637041,1.15226,-0.610562,-0.633401,-0.0967852,-1.2952,0,0,-1.47546,3.93609,1.21297,21.6416,10.8125,1.38074,3.31462,12.6571,15.6939,-5.64249,-7.02272,-12.2897,-5.53251,-3.84138,0.174766,-0.319094,-3.74966,-10.7337,-19.06,5.64886,-7.41802,-9.78595,9.92255,11.954,-12.0644,-9.07964,-2.25287,-18.5387,-0.133702,2.39109,
-1.38405,0,-0.367971,0,-1.15934,0,-0.989982,0,0,0.110792,-3.44454,-11.061,6.30406,-10.4545,5.43788,-1.99455,1.18137,-3.8961,-1.7719,-2.00248,1.11901,3.33196,0,-0.694354,0,0.680853,0.0741294,-5.22336,-3.81286,5.26848,3.279,2.37071,0.794616,0.147489,-0.77289,-0.723405,-1.22014,0.30602,0.921562,-0.528434,0,0,1.23518,-8.37397,-1.91608,-18.5978,9.89207,7.67391,4.0814,11.5336,1.47954,-12.1454,1.40573,-3.4043,-4.47641,-10.9283,0.248016,0.030546,-3.34072,11.3557,3.93609,-4.89541,-3.52413,11.6181,15.6389,11.1772,-6.61082,4.42035,-2.45207,-0.105424,1.66761,-1.06708,
0.817736,0,-5.6618,0,2.00823,0,-3.96949,0,0,-0.133841,-2.25603,-4.92848,-2.48451,-7.94369,-7.34458,-0.389656,-2.51981,1.79863,1.56923,4.36756,0.388668,-1.91444,-0.694354,0,0,-1.95863,12.0577,-13.8634,-19.0374,2.15121,9.76338,3.14791,-1.69742,0.739274,-1.23932,-0.701261,0.669212,0.565341,-0.305436,1.0966,0,0,1.19441,1.75169,-6.24849,7.4548,19.036,-14.6787,36.0753,-12.1224,-15.5425,-3.87339,-12.5143,8.75339,5.59544,0.399785,-1.34239,0.269977,3.61828,17.9524,-11.371,-10.9641,6.26068,-7.83989,9.86254,-0.114575,3.68042,-2.06687,1.99868,-0.846788,7.60749,-4.64154,
0,0,0,0,0,0,0,0,0,0,0,0,0,0,0,0,0,0,0,0,0,0,0,0,0,0,0,0,0,0,0,0,0,0,0,0,0,0,0,0,0,0,0,0,0,0,0,0,0,0,0,0,0,0,0,0,0,0,0,0,0,0,0,0,0,0,0,0,0,0,0,0,
-1.31199,0,7.05018,0,-2.27848,0,2.50941,0,0,-2.01886,0.334241,4.81364,-6.65271,4.00451,-22.9261,11.0019,2.53572,1.89421,5.85125,-4.87958,0.720727,-2.41915,0.680853,-1.95863,0,0,0.717828,4.42021,-12.765,11.7489,-8.04098,-5.29431,1.31547,-4.95531,2.85997,-1.47229,0.425755,-0.401314,0.312858,3.04102,0,0,-0.864609,52.1917,-24.4182,-40.1637,-14.4623,-58.8868,-53.4329,-22.7376,15.5467,10.7439,11.3495,1.35063,4.74587,-2.63611,0.209805,3.05305,17.0047,-11.4198,-2.07008,0.519299,-28.4653,2.87478,12.0186,5.69177,1.44816,-15.7942,4.60551,-3.64632,3.31391,-10.0621,
-3.41172,0,-24.3704,0,-1.35881,0,17.4483,0,0,2.06732,7.88658,14.6265,19.5182,-37.6385,-13.6244,36.3796,-13.862,8.94791,-15.3199,-1.15838,-0.809933,17.714,0.0741294,12.0577,0,0.717828,0,-10.0972,-16.8911,-34.5108,13.1456,24.7796,8.39823,-5.40568,11.3758,2.94849,-4.71461,7.50325,2.94235,3.05511,0,0,-10.4921,20.4137,78.1123,14.2048,-70.855,49.9739,17.9919,23.632,-113.459,-22.6401,21.8851,14.0431,18.0123,-13.1034,3.1716,0.669293,-7.84161,-11.8518,-14.9033,-40.9592,47.834,35.3358,26.8564,-0.387278,4.70979,-9.33838,-4.44621,19.2058,-0.112651,-33.8949,
10.178,0,-1.78706,0,0.251353,0,-10.275,0,0,-0.79399,16.4809,29.5146,24.8001,3.47783,-15.7745,-27.5245,-2.83133,10.3608,17.7938,-15.4233,-2.00164,-6.13318,-5.22336,-13.8634,0,4.42021,-10.0972,0,-4.00873,6.2593,-12.5477,-22.8039,-8.10243,1.21766,7.42877,-3.96423,-1.34965,0.873015,-5.6046,-0.839049,0,0,-13.758,60.6018,12.8343,-37.6422,-20.3413,-78.4555,-92.1859,1.06558,75.3945,52.5091,-25.6925,12.4876,17.0201,46.8293,-3.08561,1.23839,5.76369,-79.9148,-85.3224,-2.01334,-42.3892,-36.9505,67.3593,7.24536,11.794,-62.2599,26.6847,-50.0528,0.178835,42.4429,
-0.193096,0,16.4366,0,-3.91501,0,33.5436,0,0,1.04608,-5.91251,29.3204,25.5738,-13.1442,11.7673,41.5026,-15.5698,8.84081,-8.02982,-8.36742,-8.97202,2.86796,-3.81286,-19.0374,0,-12.765,-16.8911,-4.00873,0,3.65634,-6.42236,13.0258,-9.46173,3.51945,-2.00369,3.7116,-2.04001,-1.18244,3.74629,3.14494,0,0,-1.33129,5.36155,58.7901,34.2064,-87.888,-34.174,25.1518,48.5752,29.9574,30.5384,18.8441,-31.5502,22.2094,-4.93366,0.234087,5.76745,-12.2494,14.7841,33.9326,28.485,-16.8726,-14.955,3.0352,-5.48441,-36.0827,-1.41522,-16.9528,-12.3385,-1.81466,-13.4809,
-0.302247,0,2.12705,0,-1.15983,0,34.0336,0,0,0.918223,-13.9939,-2.27407,4.98012,-0.441199,7.13615,16.6617,7.42961,-9.41381,6.94402,1.40093,1.87399,0.112294,5.26848,2.15121,0,11.7489,-34.5108,6.2593,3.65634,0,19.2212,-5.78718,7.80712,8.05443,0.529344,1.5109,3.41265,1.19975,0.320801,0.361181,0,0,-1.42608,-10.1401,10.4536,64.0176,44.2202,29.7151,-6.34069,-92.5473,-55.9394,55.6399,-24.5798,-4.3481,1.94288,-32.1764,-0.543134,4.84599,8.39958,82.7463,-52.2359,69.659,31.5599,32.6414,-8.17499,-4.37756,-47.8343,-15.6195,-3.59522,18.1295,5.6174,21.3173,
2.03361,0,-9.75838,0,1.61614,0,-5.46028,0,0,-1.50424,-5.66755,-10.9948,-10.5442,0.576185,42.2379,-17.5389,10.7928,14.4805,-0.0946146,-5.79225,1.69951,1.49783,3.279,9.76338,0,-8.04098,13.1456,-12.5477,-6.42236,19.2212,0,5.98174,-4.29687,8.56771,1.46347,6.09314,-5.008,-2.1173,-0.427139,-1.61244,0,0,-0.679207,18.5005,5.83257,34.1111,-16.8389,51.4377,-27.2556,13.2749,-19.0842,20.061,5.90208,3.42836,-14.4813,26.9425,1.45202,5.03989,34.49,20.7187,-1.54349,-10.1647,71.6616,6.36568,-36.3901,25.4187,-35.5604,-4.63081,10.3172,-5.94944,24.0414,-9.24768,
-1.03629,0,7.3982,0,4.99308,0,13.1351,0,0,1.49834,-4.6169,10.443,1.22927,-10.4834,3.39025,11.9685,-8.20893,1.37555,-3.21221,0.381318,1.52998,4.89349,2.37071,3.14791,0,-5.29431,24.7796,-22.8039,13.0258,-5.78718,5.98174,0,-3.7975,-2.69525,-4.85675,-2.26931,0.714603,0.47308,0.354423,0.416216,0,0,0.919611,8.79658,-41.3161,34.5601,42.4979,44.2335,5.29998,13.2574,-3.25558,31.4067,-12.4402,15.1374,8.83063,2.91979,1.74693,-2.70569,2.66489,-14.5078,32.3355,-36.4032,-26.677,-0.810176,23.7195,-12.4595,9.53195,-7.64982,-18.9395,-4.70129,7.52519,-6.54773,
4.20902,0,2.44547,0,3.69971,0,-1.09922,0,0,0.352372,-5.29827,-11.7838,-10.6155,-7.06643,-2.45951,-1.64324,1.46301,0.421435,-6.91869,-2.75491,1.26136,-3.97899,0.794616,-1.69742,0,1.31547,8.39823,-8.10243,-9.46173,7.80712,-4.29687,-3.7975,0,2.50901,4.12737,-0.189582,1.10087,2.94624,-0.0251734,1.67247,0,0,5.16114,7.67183,7.19053,-6.62827,-10.768,-4.91843,-64.357,-5.01325,-4.64078,-0.0691922,-2.86872,18.884,1.20634,1.35326,-0.0836741,3.91706,14.158,-6.4348,2.47707,-6.95652,-16.1348,24.5869,12.2077,-9.86832,-13.9899,-25.8254,-16.011,0.105573,-10.449,-8.56584,
0.116632,0,7.32534,0,-1.91468,0,3.62798,0,0,1.51593,2.61175,-6.60905,-4.77706,-2.0712,4.40628,-5.11125,-2.59506,-0.0694337,4.29943,1.0232,0.59912,1.19223,0.147489,0.739274,0,-4.95531,-5.40568,1.21766,3.51945,8.05443,8.56771,-2.69525,2.50901,0,-1.38633,0.989255,0.526158,0.564522,0.427716,-0.5369,0,0,-0.851699,-16.1891,-13.8904,5.47846,22.7023,16.6999,11.9694,12.2208,-18.5005,-13.9755,1.29333,-13.934,-5.16909,2.03447,-0.200439,0.624735,-15.608,1.96461,9.20591,-3.80277,-18.7436,14.4972,11.4204,0.237576,2.19111,-2.9457,2.00933,-8.63747,4.61922,5.02292,
-1.72758,0,0.47264,0,-0.042491,0,-2.48117,0,0,0.684967,6.17531,9.15621,-6.13692,9.17022,2.1317,-1.74023,0.392344,-1.01959,2.38075,-3.09266,-0.14531,0.637041,-0.77289,-1.23932,0,2.85997,11.3758,7.42877,-2.00369,0.529344,1.46347,-4.85675,4.12737,-1.38633,0,0.520487,-2.6319,-0.820098,0.950357,-0.0147621,0,0,-0.0212176,5.54683,33.5737,-8.38764,-2.61357,-11.8641,-5.19739,3.28694,-5.01353,16.0794,-11.9664,-6.37698,9.58602,17.2113,-0.489201,0.999043,7.30193,-9.27439,10.9956,-5.95289,10.3036,13.1127,-12.1922,2.60633,-3.36978,-8.46208,4.37879,-4.45795,4.10632,3.33456,
-1.30666,0,0.00841592,0,-0.809346,0,0.468847,0,0,-0.301579,1.28113,2.58777,-2.05327,0.47046,-1.60511,-2.66743,1.02011,-5.61685,1.03663,-2.13686,0.173375,1.15226,-0.723405,-0.701261,0,-1.47229,2.94849,-3.96423,3.7116,1.5109,6.09314,-2.26931,-0.189582,0.989255,0.520487,0,-0.60176,-0.179312,0.194389,-1.48475,0,0,0.930275,-3.55056,1.20119,-1.33388,-19.9062,9.38005,4.26573,5.35869,-4.77784,-28.9867,-1.57437,7.03608,7.83553,0.753358,0.500563,-0.315569,-1.98672,9.08928,-3.60981,-5.57347,-22.0606,-5.60449,-11.9166,-0.32316,-7.18536,-3.76976,3.26426,-1.43627,-3.36864,0.266725,
2.22781,0,1.90746,0,-1.39909,0,-2.74183,0,0,0.209994,-1.1304,-1.88966,2.54055,1.45085,-5.23726,3.88352,-1.71168,0.502353,-1.6106,3.51781,-1.02432,-0.610562,-1.22014,0.669212,0,0.425755,-4.71461,-1.34965,-2.04001,3.41265,-5.008,0.714603,1.10087,0.526158,-2.6319,-0.60176,0,0.287493,0.360742,0.625903,0,0,0.561221,-0.597829,-7.44553,0.686143,-11.0935,-3.26546,4.27347,6.94343,3.31848,-5.57336,1.02821,3.654,-0.227721,1.00115,0.0510938,1.15336,-2.40608,21.0063,-5.66045,-1.37033,-4.76914,8.16592,1.60254,8.16188,1.44597,4.44813,-8.00684,4.41818,-2.57333,6.6216,
-1.93081,0,1.33483,0,-0.175139,0,0.865004,0,0,-0.0516192,-1.49392,-1.37607,-2.8945,6.61111,-3.91628,3.41599,-1.42039,-1.77928,1.86124,0.435822,-0.215092,-0.633401,0.30602,0.565341,0,-0.401314,7.50325,0.873015,-1.18244,1.19975,-2.1173,0.47308,2.94624,0.564522,-0.820098,-0.179312,0.287493,0,0.758759,1.48935,0,0,-1.47873,1.63397,7.09067,3.40851,-13.1851,3.54075,8.95524,-2.05335,0.675457,2.33132,-7.63364,-1.97518,3.22141,-0.0468009,-0.110634,0.167722,4.40646,6.46667,-0.60346,-1.09673,0.963529,3.29633,6.92267,4.99738,-0.216008,-1.83115,0.131141,-0.660392,-1.66717,1.81253,
0.509203,0,0.847321,0,0.246591,0,-1.17918,0,0,-0.0556138,0.16924,3.37834,-1.09156,-1.64985,-2.98185,-0.102121,1.74634,0.248086,1.28465,-0.179237,-0.242117,-0.0967852,0.921562,-0.305436,0,0.312858,2.94235,-5.6046,3.74629,0.320801,-0.427139,0.354423,-0.0251734,0.427716,0.950357,0.194389,0.360742,0.758759,0,1.19688,0,0,0.7549,-1.15584,2.28771,1.35502,-5.20476,1.26828,12.0724,-6.87018,-6.41691,-7.43564,-11.6914,2.6871,-0.367393,-2.16334,0.0110212,0.358572,2.33913,-3.10432,-0.572031,-2.37485,-8.47149,9.32961,5.06233,4.52631,-1.99633,-4.94745,0.00984416,-2.09693,-2.72878,-2.00351,
-1.42087,0,1.03733,0,1.4972,0,0.23114,0,0,-1.06704,-4.10549,-3.83031,0.308503,-2.56117,0.948351,3.06504,4.62658,1.42057,-1.12422,-1.1075,-1.93128,-1.2952,-0.528434,1.0966,0,3.04102,3.05511,-0.839049,3.14494,0.361181,-1.61244,0.416216,1.67247,-0.5369,-0.0147621,-1.48475,0.625903,1.48935,1.19688,0,0,0,1.88201,-3.0758,-3.03046,3.98087,-12.2756,-5.56298,18.0943,11.7971,-4.3677,7.9517,-11.187,8.1676,4.01029,-4.09104,0.0279073,2.19546,-0.527474,-7.52039,-4.19203,-8.2761,2.50325,-7.71591,-8.44628,2.72026,3.45784,-3.85774,5.74925,0.590755,2.56355,-6.81113,
0,0,0,0,0,0,0,0,0,0,0,0,0,0,0,0,0,0,0,0,0,0,0,0,0,0,0,0,0,0,0,0,0,0,0,0,0,0,0,0,0,0,0,0,0,0,0,0,0,0,0,0,0,0,0,0,0,0,0,0,0,0,0,0,0,0,0,0,0,0,0,0,
0,0,0,0,0,0,0,0,0,0,0,0,0,0,0,0,0,0,0,0,0,0,0,0,0,0,0,0,0,0,0,0,0,0,0,0,0,0,0,0,0,0,0,0,0,0,0,0,0,0,0,0,0,0,0,0,0,0,0,0,0,0,0,0,0,0,0,0,0,0,0,0,
-1.19321,0,-2.99477,0,-2.40209,0,-2.3772,0,0,-1.71274,4.73307,-1.80461,12.9488,-22.0281,-11.6492,-0.820254,2.79064,-5.4897,-3.98222,5.64255,-2.70802,-1.47546,1.23518,1.19441,0,-0.864609,-10.4921,-13.758,-1.33129,-1.42608,-0.679207,0.919611,5.16114,-0.851699,-0.0212176,0.930275,0.561221,-1.47873,0.7549,1.88201,0,0,0,0.985255,51.4015,24.2009,31.3243,-16.7213,-29.9587,-1.00628,-2.35765,-16.7468,0.974799,9.02259,-19.2433,11.5681,-0.13594,1.21234,-14.0834,-3.40348,-14.7306,-25.7715,-52.5279,3.97059,12.0017,-20.2917,-0.648111,-10.2526,2.31756,-7.76365,-2.78623,4.14128,
-9.12913,0,-14.8724,0,-4.46839,0,-18.6245,0,0,-2.26666,0.28347,13.2596,-39.6473,-48.5733,-26.3921,3.50385,-1.23717,-12.8822,-4.80188,18.82,5.70535,3.93609,-8.37397,1.75169,0,52.1917,20.4137,60.6018,5.36155,-10.1401,18.5005,8.79658,7.67183,-16.1891,5.54683,-3.55056,-0.597829,1.63397,-1.15584,-3.0758,0,0,0.985255,0,67.8593,15.5223,-24.4596,44.7849,-124.917,-14.9037,-55.6498,111.92,-15.4588,-6.95305,-0.867469,65.8044,3.36207,-0.405532,40.4999,-49.6854,18.8839,-95.2301,-30.5435,-65.6377,95.3107,25.2227,30.4675,26.7329,-24.0586,-38.6125,11.6906,-52.9052,
-4.25784,0,-7.44152,0,-2.05261,0,27.7395,0,0,-1.06064,23.136,23.0414,-63.2981,-41.1313,-26.2513,-29.2392,-33.9051,-14.3622,-7.79052,-13.6021,4.24985,1.21297,-1.91608,-6.24849,0,-24.4182,78.1123,12.8343,58.7901,10.4536,5.83257,-41.3161,7.19053,-13.8904,33.5737,1.20119,-7.44553,7.09067,2.28771,-3.03046,0,0,51.4015,67.8593,0,-170.895,125.79,197.966,68.1376,97.474,-134.187,-32.1592,3.82842,-1.74564,67.0756,108.312,4.6405,7.60994,39.4425,-122.003,6.0686,103.119,85.7359,-85.0492,-30.2543,89.87,-131.169,-16.9172,47.413,6.69579,-60.271,1.56885,
4.52601,0,9.76063,0,-9.7163,0,-21.5094,0,0,3.58247,38.1084,12.4347,-1.10696,-45.4876,-61.9872,15.323,-52.094,16.4354,-4.47801,13.7363,7.81231,21.6416,-18.5978,7.4548,0,-40.1637,14.2048,-37.6422,34.2064,64.0176,34.1111,34.5601,-6.62827,5.47846,-8.38764,-1.33388,0.686143,3.40851,1.35502,3.98087,0,0,24.2009,15.5223,-170.895,0,145.19,252.695,40.5943,104.126,15.2726,101.667,0.950092,-55.463,-8.40812,-114.11,2.10327,-6.16304,-67.7962,-22.7222,-217.99,57.0104,-84.1011,4.4255,202.132,-30.5138,-50.6574,61.3357,7.01984,26.9489,-13.4817,-89.2889,
4.83293,0,-36.6745,0,16.9634,0,0.844465,0,0,12.0407,-3.15305,20.104,37.2933,-97.4863,-79.9107,-20.915,-18.9613,3.18872,2.69582,-4.64116,-18.7089,10.8125,9.89207,19.036,0,-14.4623,-70.855,-20.3413,-87.888,44.2202,-16.8389,42.4979,-10.768,22.7023,-2.61357,-19.9062,-11.0935,-13.1851,-5.20476,-12.2756,0,0,31.3243,-24.4596,125.79,145.19,0,-364.908,-91.8175,-34.6542,114.167,-107.029,-62.0032,-148.709,-4.21877,-75.9035,0.884536,-15.2772,39.5386,116.857,-180.813,194.814,-94.5526,-94.7997,43.307,119.35,16.9055,-79.2633,39.9114,45.4143,0.281499,48.9859,
-11.2826,0,-7.42311,0,-22.6618,0,-5.21549,0,0,4.55314,55.0641,56.7554,-70.0877,-1.60739,59.1876,-70.6521,-8.95622,-21.1685,25.7476,-14.98,-23.4251,1.38074,7.67391,-14.6787,0,-58.8868,49.9739,-78.4555,-34.174,29.7151,51.4377,44.2335,-4.91843,16.6999,-11.8641,9.38005,-3.26546,3.54075,1.26828,-5.56298,0,0,-16.7213,44.7849,197.966,252.695,-364.908,0,46.9726,44.909,-78.7407,-27.4369,-57.695,87.6328,-63.2462,66.044,4.16378,3.63276,-79.5365,37.4221,91.1618,-109.837,256.572,21.517,-15.3745,-42.7811,-156.827,14.0432,-106.502,70.6549,9.37122,16.4545,
-17.4937,0,-20.4043,0,9.66844,0,-39.6154,0,0,5.05326,8.95252,62.1843,64.2007,-27.9166,13.1839,56.3908,25.3301,-17.3883,29.553,-11.7,-5.63434,3.31462,4.0814,36.0753,0,-53.4329,17.9919,-92.1859,25.1518,-6.34069,-27.2556,5.29998,-64.357,11.9694,-5.19739,4.26573,4.27347,8.95524,12.0724,18.0943,0,0,-29.9587,-124.917,68.1376,40.5943,-91.8175,46.9726,0,-38.216,107.941,51.1577,-69.1662,-54.1317,74.1169,24.4614,-7.39732,-10.9213,23.1485,-136.174,-17.7076,-47.904,225.491,-176.68,-104.735,71.4127,46.2547,38.5315,-5.17923,98.845,2.94187,-11.01,
-19.7681,0,42.3869,0,3.31203,0,-63.5914,0,0,10.6811,-38.3651,-45.1175,31.9919,62.2859,-7.61675,-35.7747,-47.8488,23.2279,-23.2031,1.53037,1.34322,12.6571,11.5336,-12.1224,0,-22.7376,23.632,1.06558,48.5752,-92.5473,13.2749,13.2574,-5.01325,12.2208,3.28694,5.35869,6.94343,-2.05335,-6.87018,11.7971,0,0,-1.00628,-14.9037,97.474,104.126,-34.6542,44.909,-38.216,0,203.524,37.747,-81.4673,79.543,31.5689,102.926,3.55716,-4.03242,-40.3768,-48.4993,121.43,-96.4657,96.8526,93.0828,24.0256,8.04129,-21.1576,8.69524,-69.8462,-17.88,-24.4389,0.173047,
32.009,0,23.7921,0,-0.543506,0,-19.163,0,0,-1.93897,-2.05246,41.1964,-14.8056,13.6423,-21.8028,3.22597,14.5441,9.68574,-2.93558,-2.87889,3.98572,15.6939,1.47954,-15.5425,0,15.5467,-113.459,75.3945,29.9574,-55.9394,-19.0842,-3.25558,-4.64078,-18.5005,-5.01353,-4.77784,3.31848,0.675457,-6.41691,-4.3677,0,0,-2.35765,-55.6498,-134.187,15.2726,114.167,-78.7407,107.941,203.524,0,58.1798,-48.336,-24.1023,-1.33093,-73.4285,-4.89288,0.138789,72.991,-15.4534,-41.5073,-42.3877,-53.7075,-74.2331,185.644,-33.2075,-45.3474,21.5453,42.2407,-8.90433,11.9394,59.4728,
-2.08394,0,-9.93712,0,3.72186,0,40.0981,0,0,7.41599,-32.4174,-28.1736,-33.3884,-16.6549,1.10702,59.4043,-16.9754,-1.2297,6.00092,12.1372,-0.491699,-5.64249,-12.1454,-3.87339,0,10.7439,-22.6401,52.5091,30.5384,55.6399,20.061,31.4067,-0.0691922,-13.9755,16.0794,-28.9867,-5.57336,2.33132,-7.43564,7.9517,0,0,-16.7468,111.92,-32.1592,101.667,-107.029,-27.4369,51.1577,37.747,58.1798,0,5.09149,31.7443,-5.06927,9.44734,-1.3883,3.05086,-89.1175,-40.2894,75.4436,45.869,30.2053,7.79133,-93.8486,-28.1741,-62.7109,-7.03419,16.8998,38.5695,42.5384,8.75673,
14.1691,0,-10.6583,0,3.63172,0,7.9656,0,0,5.06181,34.9519,56.0758,-7.14908,21.1382,3.42712,-36.3182,0.751083,-6.21315,2.8722,10.7626,-4.96687,-7.02272,1.40573,-12.5143,0,11.3495,21.8851,-25.6925,18.8441,-24.5798,5.90208,-12.4402,-2.86872,1.29333,-11.9664,-1.57437,1.02821,-7.63364,-11.6914,-11.187,0,0,0.974799,-15.4588,3.82842,0.950092,-62.0032,-57.695,-69.1662,-81.4673,-48.336,5.09149,0,77.7121,14.4917,0.630072,0.627652,-1.79583,-57.0469,17.4579,13.8475,39.3243,-82.2071,-45.179,-35.4108,31.7954,49.0207,-11.1561,-32.6854,2.98769,6.98582,-30.6963,
0.26702,0,-26.0008,0,-10.8902,0,-8.99034,0,0,-1.20694,-1.2136,-29.3264,21.1512,-6.26105,61.8425,0.997219,34.8018,-17.2129,1.22933,7.40885,-14.4118,-12.2897,-3.4043,8.75339,0,1.35063,14.0431,12.4876,-31.5502,-4.3481,3.42836,15.1374,18.884,-13.934,-6.37698,7.03608,3.654,-1.97518,2.6871,8.1676,0,0,9.02259,-6.95305,-1.74564,-55.463,-148.709,87.6328,-54.1317,79.543,-24.1023,31.7443,77.7121,0,23.9497,24.3516,-1.52538,8.16723,-10.0961,27.6757,-78.4801,-45.8624,5.26409,3.41237,35.6286,-16.2288,-31.1021,25.1972,12.093,-10.0544,8.79246,13.7149,
1.25748,0,-1.79411,0,-0.541213,0,0.519937,0,0,7.37597,7.34175,8.59511,-2.16555,18.4065,19.665,17.9952,1.48492,-15.7584,8.5872,5.45865,-9.94322,-5.53251,-4.47641,5.59544,0,4.74587,18.0123,17.0201,22.2094,1.94288,-14.4813,8.83063,1.20634,-5.16909,9.58602,7.83553,-0.227721,3.22141,-0.367393,4.01029,0,0,-19.2433,-0.867469,67.0756,-8.40812,-4.21877,-63.2462,74.1169,31.5689,-1.33093,-5.06927,14.4917,23.9497,0,-39.18,1.68839,-2.06016,27.1206,-56.5555,-0.835495,36.8033,19.4342,40.7636,-21.5596,-88.9839,-28.437,-13.3657,13.2309,-4.98587,-0.408011,-49.0005,
-5.13103,0,13.4965,0,15.4089,0,-1.19359,0,0,5.38177,-23.3182,44.8883,-0.410114,6.54275,16.8877,-37.5074,-32.5755,12.1872,11.6561,-9.22511,8.23284,-3.84138,-10.9283,0.399785,0,-2.63611,-13.1034,46.8293,-4.93366,-32.1764,26.9425,2.91979,1.35326,2.03447,17.2113,0.753358,1.00115,-0.0468009,-2.16334,-4.09104,0,0,11.5681,65.8044,108.312,-114.11,-75.9035,66.044,24.4614,102.926,-73.4285,9.44734,0.630072,24.3516,-39.18,0,1.83527,-0.0103504,38.7563,68.022,88.6111,-95.3582,-88.1312,70.5379,-151.53,29.1418,-133.474,-18.5707,-39.254,-41.023,1.06489,25.8878,
-0.910981,0,-0.0621472,0,0.362785,0,0.673728,0,0,0.103848,1.08732,-0.422978,0.110911,-0.85289,-0.687091,1.18754,-2.50217,-0.865178,-0.644195,0.165669,0.60627,0.174766,0.248016,-1.34239,0,0.209805,3.1716,-3.08561,0.234087,-0.543134,1.45202,1.74693,-0.0836741,-0.200439,-0.489201,0.500563,0.0510938,-0.110634,0.0110212,0.0279073,0,0,-0.13594,3.36207,4.6405,2.10327,0.884536,4.16378,-7.39732,3.55716,-4.89288,-1.3883,0.627652,-1.52538,1.68839,1.83527,0,0.45901,-2.22001,-1.44614,0.378479,5.41918,2.2365,8.82957,-1.57776,0.499831,0.319182,0.530288,-0.273373,-0.873223,-1.45932,-1.38358,
2.12433,0,-1.46818,0,-0.954131,0,-0.733128,0,0,0.562457,2.33493,0.582111,-1.91947,-0.681912,-1.4248,-3.97948,0.888866,-1.74714,-2.59575,1.20598,-0.530343,-0.319094,0.030546,0.269977,0,3.05305,0.669293,1.23839,5.76745,4.84599,5.03989,-2.70569,3.91706,0.624735,0.999043,-0.315569,1.15336,0.167722,0.358572,2.19546,0,0,1.21234,-0.405532,7.60994,-6.16304,-15.2772,3.63276,-10.9213,-4.03242,0.138789,3.05086,-1.79583,8.16723,-2.06016,-0.0103504,0.45901,0,-2.09365,3.25751,-2.34485,20.2982,-5.86416,18.7445,-1.06882,-1.84817,1.14799,-5.19684,-7.91111,2.84096,2.44075,2.35606,
-20.1825,0,5.42212,0,3.58888,0,2.68005,0,0,-6.61863,-12.1217,28.8444,-35.2064,10.6685,-0.540976,-35.2964,9.79852,-19.3027,0.446868,1.79416,5.60973,-3.74966,-3.34072,3.61828,0,17.0047,-7.84161,5.76369,-12.2494,8.39958,34.49,2.66489,14.158,-15.608,7.30193,-1.98672,-2.40608,4.40646,2.33913,-0.527474,0,0,-14.0834,40.4999,39.4425,-67.7962,39.5386,-79.5365,23.1485,-40.3768,72.991,-89.1175,-57.0469,-10.0961,27.1206,38.7563,-2.22001,-2.09365,0,22.086,-46.7899,-31.2918,42.7757,-24.8734,-13.0859,3.03221,0.270674,-23.6605,-22.6161,-26.1927,18.6741,23.3946,
-11.0883,0,24.5972,0,2.21643,0,37.3695,0,0,-2.24911,13.7418,-47.0714,108.061,-73.9042,-2.26927,-12.5341,13.2539,-25.8912,24.7809,-30.4416,17.7268,-10.7337,11.3557,17.9524,0,-11.4198,-11.8518,-79.9148,14.7841,82.7463,20.7187,-14.5078,-6.4348,1.96461,-9.27439,9.08928,21.0063,6.46667,-3.10432,-7.52039,0,0,-3.40348,-49.6854,-122.003,-22.7222,116.857,37.4221,-136.174,-48.4993,-15.4534,-40.2894,17.4579,27.6757,-56.5555,68.022,-1.44614,3.25751,22.086,0,-124.286,-106.026,32.6334,137.803,-147.17,8.55415,-36.9492,41.0032,-33.5993,28.5371,-6.44153,63.5193,
0.0636563,0,-7.48606,0,-14.0969,0,-7.97364,0,0,5.00479,-14.3692,17.6523,-108.194,34.0397,-30.8085,-6.84657,24.8733,36.9685,17.5112,-35.0237,10.2562,-19.06,3.93609,-11.371,0,-2.07008,-14.9033,-85.3224,33.9326,-52.2359,-1.54349,32.3355,2.47707,9.20591,10.9956,-3.60981,-5.66045,-0.60346,-0.572031,-4.19203,0,0,-14.7306,18.8839,6.0686,-217.99,-180.813,91.1618,-17.7076,121.43,-41.5073,75.4436,13.8475,-78.4801,-0.835495,88.6111,0.378479,-2.34485,-46.7899,-124.286,0,62.5188,-47.8419,-71.904,56.1894,18.1752,-85.4148,-80.0806,-17.7188,2.83286,-22.2026,5.20544,
36.4086,0,-4.56752,0,5.03642,0,48.0515,0,0,-2.88791,49.5492,-23.9538,-28.437,52.8453,9.20113,80.2467,2.29026,-24.1303,4.9976,-0.360404,3.43214,5.64886,-4.89541,-10.9641,0,0.519299,-40.9592,-2.01334,28.485,69.659,-10.1647,-36.4032,-6.95652,-3.80277,-5.95289,-5.57347,-1.37033,-1.09673,-2.37485,-8.2761,0,0,-25.7715,-95.2301,103.119,57.0104,194.814,-109.837,-47.904,-96.4657,-42.3877,45.869,39.3243,-45.8624,36.8033,-95.3582,5.41918,20.2982,-31.2918,-106.026,62.5188,0,108.233,26.2784,7.4763,-60.5227,95.0061,-60.8391,21.8176,2.87454,19.3832,57.1501,
-0.767836,0,-3.16377,0,-3.64716,0,-20.0203,0,0,6.41066,-1.37229,-44.7193,-99.0089,-16.5183,63.7137,-29.3182,28.2037,34.6195,3.74946,-2.05407,-7.88646,-7.41802,-3.52413,6.26068,0,-28.4653,47.834,-42.3892,-16.8726,31.5599,71.6616,-26.677,-16.1348,-18.7436,10.3036,-22.0606,-4.76914,0.963529,-8.47149,2.50325,0,0,-52.5279,-30.5435,85.7359,-84.1011,-94.5526,256.572,225.491,96.8526,-53.7075,30.2053,-82.2071,5.26409,19.4342,-88.1312,2.2365,-5.86416,42.7757,32.6334,-47.8419,108.233,0,-21.3315,-19.7356,17.4266,-40.9342,57.2137,85.1135,24.0076,40.7093,-13.6578,
-15.675,0,10.7609,0,6.31155,0,4.40373,0,0,3.77175,20.9872,7.00201,-11.3771,-9.22291,39.5502,0.947875,-7.4862,-26.4076,1.37176,27.7463,-9.85001,-9.78595,11.6181,-7.83989,0,2.87478,35.3358,-36.9505,-14.955,32.6414,6.36568,-0.810176,24.5869,14.4972,13.1127,-5.60449,8.16592,3.29633,9.32961,-7.71591,0,0,3.97059,-65.6377,-85.0492,4.4255,-94.7997,21.517,-176.68,93.0828,-74.2331,7.79133,-45.179,3.41237,40.7636,70.5379,8.82957,18.7445,-24.8734,137.803,-71.904,26.2784,-21.3315,0,-42.686,-52.3623,-25.9722,-6.23012,-29.1775,-37.2322,14.0873,0.33256,
2.08258,0,37.4079,0,-9.49356,0,30.1781,0,0,1.69542,13.1061,-1.39604,-43.2805,-45.0988,-21.3549,-9.3194,-19.5343,16.7428,-21.4268,-12.4392,-1.17733,9.92255,15.6389,9.86254,0,12.0186,26.8564,67.3593,3.0352,-8.17499,-36.3901,23.7195,12.2077,11.4204,-12.1922,-11.9166,1.60254,6.92267,5.06233,-8.44628,0,0,12.0017,95.3107,-30.2543,202.132,43.307,-15.3745,-104.735,24.0256,185.644,-93.8486,-35.4108,35.6286,-21.5596,-151.53,-1.57776,-1.06882,-13.0859,-147.17,56.1894,7.4763,-19.7356,-42.686,0,16.2091,0.00179152,38.3399,-47.1727,-32.1281,-28.8212,8.1436,
-7.4204,0,3.27308,0,3.03678,0,7.76796,0,0,-2.90987,-0.108815,18.0472,-28.4294,7.0857,-40.1488,-25.1719,-28.8659,-7.03847,-13.0629,16.8554,14.2514,11.954,11.1772,-0.114575,0,5.69177,-0.387278,7.24536,-5.48441,-4.37756,25.4187,-12.4595,-9.86832,0.237576,2.60633,-0.32316,8.16188,4.99738,4.52631,2.72026,0,0,-20.2917,25.2227,89.87,-30.5138,119.35,-42.7811,71.4127,8.04129,-33.2075,-28.1741,31.7954,-16.2288,-88.9839,29.1418,0.499831,-1.84817,3.03221,8.55415,18.1752,-60.5227,17.4266,-52.3623,16.2091,0,-47.5738,-30.1792,-33.9195,-18.8968,-34.0648,24.8273,
-3.82526,0,-2.25051,0,6.04699,0,-9.76167,0,0,4.58612,-20.3846,-28.3821,0.46641,10.2039,-1.53115,27.6091,5.5203,-9.6199,-1.01704,-2.05035,-8.88199,-12.0644,-6.61082,3.68042,0,1.44816,4.70979,11.794,-36.0827,-47.8343,-35.5604,9.53195,-13.9899,2.19111,-3.36978,-7.18536,1.44597,-0.216008,-1.99633,3.45784,0,0,-0.648111,30.4675,-131.169,-50.6574,16.9055,-156.827,46.2547,-21.1576,-45.3474,-62.7109,49.0207,-31.1021,-28.437,-133.474,0.319182,1.14799,0.270674,-36.9492,-85.4148,95.0061,-40.9342,-25.9722,0.00179152,-47.5738,0,8.11414,-33.7552,0.415606,-27.5781,-21.5627,
0.00813472,0,-12.9091,0,-7.52044,0,-9.28377,0,0,2.65684,-12.6961,-32.0498,-21.146,25.0756,6.33683,47.983,-28.9234,-25.3393,1.50642,-2.58076,6.88764,-9.07964,4.42035,-2.06687,0,-15.7942,-9.33838,-62.2599,-1.41522,-15.6195,-4.63081,-7.64982,-25.8254,-2.9457,-8.46208,-3.76976,4.44813,-1.83115,-4.94745,-3.85774,0,0,-10.2526,26.7329,-16.9172,61.3357,-79.2633,14.0432,38.5315,8.69524,21.5453,-7.03419,-11.1561,25.1972,-13.3657,-18.5707,0.530288,-5.19684,-23.6605,41.0032,-80.0806,-60.8391,57.2137,-6.23012,38.3399,-30.1792,8.11414,0,20.7782,-11.3866,2.49596,-25.3339,
9.63479,0,-12.8365,0,-3.84517,0,-12.2616,0,0,1.96812,10.2865,4.8991,-26.8348,20.6841,-6.79318,30.1392,35.7403,-13.5028,9.68702,-13.3479,-3.36789,-2.25287,-2.45207,1.99868,0,4.60551,-4.44621,26.6847,-16.9528,-3.59522,10.3172,-18.9395,-16.011,2.00933,4.37879,3.26426,-8.00684,0.131141,0.00984416,5.74925,0,0,2.31756,-24.0586,47.413,7.01984,39.9114,-106.502,-5.17923,-69.8462,42.2407,16.8998,-32.6854,12.093,13.2309,-39.254,-0.273373,-7.91111,-22.6161,-33.5993,-17.7188,21.8176,85.1135,-29.1775,-47.1727,-33.9195,-33.7552,20.7782,0,-4.50282,-1.61266,-34.5414,
-4.08806,0,9.19892,0,4.98654,0,-10.6743,0,0,-0.976809,5.36204,-14.1848,-29.0189,31.3281,3.5896,-2.04859,-5.6569,-8.16977,-2.84318,-11.6956,-9.24802,-18.5387,-0.105424,-0.846788,0,-3.64632,19.2058,-50.0528,-12.3385,18.1295,-5.94944,-4.70129,0.105573,-8.63747,-4.45795,-1.43627,4.41818,-0.660392,-2.09693,0.590755,0,0,-7.76365,-38.6125,6.69579,26.9489,45.4143,70.6549,98.845,-17.88,-8.90433,38.5695,2.98769,-10.0544,-4.98587,-41.023,-0.873223,2.84096,-26.1927,28.5371,2.83286,2.87454,24.0076,-37.2322,-32.1281,-18.8968,0.415606,-11.3866,-4.50282,0,1.65802,11.2432,
-3.7764,0,-10.5548,0,-1.26584,0,4.08963,0,0,1.69223,8.88775,-12.3668,2.278,9.22187,9.58799,-0.10999,-3.25574,-7.01294,-1.01142,-0.640258,-2.10946,-0.133702,1.66761,7.60749,0,3.31391,-0.112651,0.178835,-1.81466,5.6174,24.0414,7.52519,-10.449,4.61922,4.10632,-3.36864,-2.57333,-1.66717,-2.72878,2.56355,0,0,-2.78623,11.6906,-60.271,-13.4817,0.281499,9.37122,2.94187,-24.4389,11.9394,42.5384,6.98582,8.79246,-0.408011,1.06489,-1.45932,2.44075,18.6741,-6.44153,-22.2026,19.3832,40.7093,14.0873,-28.8212,-34.0648,-27.5781,2.49596,-1.61266,1.65802,0,8.56408,
10.8375,0,-6.43512,0,1.42751,0,2.84069,0,0,-0.560532,-6.51656,-19.5459,9.00711,28.7896,17.8178,10.5371,-6.31928,1.75405,16.095,-0.570306,3.02546,2.39109,-1.06708,-4.64154,0,-10.0621,-33.8949,42.4429,-13.4809,21.3173,-9.24768,-6.54773,-8.56584,5.02292,3.33456,0.266725,6.6216,1.81253,-2.00351,-6.81113,0,0,4.14128,-52.9052,1.56885,-89.2889,48.9859,16.4545,-11.01,0.173047,59.4728,8.75673,-30.6963,13.7149,-49.0005,25.8878,-1.38358,2.35606,23.3946,63.5193,5.20544,57.1501,-13.6578,0.33256,8.1436,24.8273,-21.5627,-25.3339,-34.5414,11.2432,8.56408,0,
