0,0,0.585303,0,-1.47666,0,-2.42333,0,0,-0.112767,0.402416,-2.59513,3.79356,0.116154,0.0465208,-1.48067,2.63786,2.93203,-0.373084,-1.03208,-0.502956,-1.0444,-0.445419,-0.619853,0.0391988,0.692029,0.96701,-0.788716,0.340615,0.210755,1.9717,-0.167197,1.17265,0.425504,-0.247321,-1.33002,-0.155054,-0.170307,0.0723222,-0.438683,0,0.113807,0.211597,-4.15274,5.89559,17.1331,-7.84458,0.389666,19.7278,-3.05744,22.1828,-3.52341,0.0517939,-4.15638,-1.4946,-1.33814,-0.00774817,-0.394769,6.92488,6.52812,-0.782022,1.21095,-7.61146,7.23873,9.63717,-0.406717,-4.45431,-3.04248,3.53236,-1.25913,-5.95874,-2.66826,
0,0,0,0,0,0,0,0,0,0,0,0,0,0,0,0,0,0,0,0,0,0,0,0,0,0,0,0,0,0,0,0,0,0,0,0,0,0,0,0,0,0,0,0,0,0,0,0,0,0,0,0,0,0,0,0,0,0,0,0,0,0,0,0,0,0,0,0,0,0,0,0,
0.585303,0,0,0,-3.46719,0,3.84995,0,0,-0.143609,-0.353218,3.37553,-4.16429,3.34684,-0.554419,0.259347,2.31057,-0.00538825,-0.232783,2.43466,-1.65703,0.33499,-1.39624,0.813464,0.122561,0.940662,1.61226,1.68479,1.09037,5.71386,-2.83349,-0.984285,-1.38438,-1.59313,-0.430423,-0.237044,0.0754865,0.159808,-0.12506,-0.783058,0,0.253829,1.89795,-1.61808,-6.82776,14.9697,2.87162,-6.91651,-25.0155,8.5265,17.0791,13.035,5.19566,3.0449,-6.3447,-2.27812,0.286847,1.60856,9.39857,17.1544,0.735566,17.9388,-3.1089,13.4169,9.15966,-5.51645,-3.25116,-0.502388,1.7829,0.0453351,-0.10815,-3.46283,
0,0,0,0,0,0,0,0,0,0,0,0,0,0,0,0,0,0,0,0,0,0,0,0,0,0,0,0,0,0,0,0,0,0,0,0,0,0,0,0,0,0,0,0,0,0,0,0,0,0,0,0,0,0,0,0,0,0,0,0,0,0,0,0,0,0,0,0,0,0,0,0,
-1.47666,0,-3.46719,0,0,0,-1.56743,0,0,-1.59572,2.68134,3.27961,-4.15169,-3.13208,9.76847,5.08647,0.0863803,2.42728,1.69012,-2.64247,-0.62572,0.851602,-2.32979,-1.01412,-0.11889,3.65654,0.412893,-1.39111,7.02811,-1.30456,5.53012,2.04331,0.71861,-0.278637,-1.1258,2.26301,-0.182465,-0.101929,-0.765026,-0.600197,0,-0.212221,2.09005,7.87035,-16.7723,-26.2344,5.40981,27.7529,34.1694,-1.68073,-21.0582,-19.1871,-3.25568,-2.46891,6.37768,-7.64486,1.11502,-0.982396,1.71624,12.3135,14.4775,-10.811,3.42553,-0.529519,-19.0134,10.5766,8.06725,0.117124,1.86694,6.28678,-0.096445,3.24654,
0,0,0,0,0,0,0,0,0,0,0,0,0,0,0,0,0,0,0,0,0,0,0,0,0,0,0,0,0,0,0,0,0,0,0,0,0,0,0,0,0,0,0,0,0,0,0,0,0,0,0,0,0,0,0,0,0,0,0,0,0,0,0,0,0,0,0,0,0,0,0,0,
-2.42333,0,3.84995,0,-1.56743,0,0,0,0,-0.186372,1.21453,2.09791,1.57255,-7.58666,3.08116,-8.41041,3.91379,-0.540331,1.05406,-0.133216,1.51928,0.987517,-0.383161,0.97731,-0.0399657,2.18303,-7.58134,0.847657,2.16525,-0.462746,0.788132,-3.157,-1.55859,-1.44867,0.314683,-0.690352,-0.480793,-0.0588389,-0.232197,1.06481,0,0.317772,1.04515,16.9037,7.11038,4.46586,5.17874,-37.1551,16.9211,9.26711,1.44461,29.6149,-2.01361,0.147911,4.1084,15.7732,-0.187292,-1.97106,5.30708,4.97307,-6.13722,-16.5996,-8.5369,5.4604,11.8156,6.02561,-17.4066,8.84136,-5.33413,-4.55742,1.82602,-0.3555,
0,0,0,0,0,0,0,0,0,0,0,0,0,0,0,0,0,0,0,0,0,0,0,0,0,0,0,0,0,0,0,0,0,0,0,0,0,0,0,0,0,0,0,0,0,0,0,0,0,0,0,0,0,0,0,0,0,0,0,0,0,0,0,0,0,0,0,0,0,0,0,0,
0,0,0,0,0,0,0,0,0,0,0,0,0,0,0,0,0,0,0,0,0,0,0,0,0,0,0,0,0,0,0,0,0,0,0,0,0,0,0,0,0,0,0,0,0,0,0,0,0,0,0,0,0,0,0,0,0,0,0,0,0,0,0,0,0,0,0,0,0,0,0,0,
-0.112767,0,-0.143609,0,-1.59572,0,-0.186372,0,0,0,-0.181627,-0.66644,-0.343408,0.15453,0.010941,-0.127612,-0.0167618,0.027455,0.58331,0.307708,-0.0307746,-0.243503,-0.0095334,-0.062315,-0.0286251,-0.0468833,-0.724653,-0.311366,-1.25712,-0.818412,0.189941,0.242417,0.217927,-0.0514002,-0.0814247,-0.0384817,0.157449,0.000919305,0.104144,-0.201371,0,-0.0324859,0.0426949,-1.4541,-1.12659,-2.81069,4.0184,-0.771447,-4.79883,-1.35675,1.32691,-1.4735,1.05823,-1.4885,0.36896,-1.53551,0.0732795,-0.081709,1.82559,1.9605,0.446052,1.18061,-0.0699045,-1.5937,-0.0804308,1.85666,0.849785,-4.41587,0.211178,-0.516899,-0.324569,-0.237455,
0.402416,0,-0.353218,0,2.68134,0,1.21453,0,0,-0.181627,0,1.59145,4.7414,-2.01839,0.315457,3.11362,-1.0299,-1.69715,0.495561,0.569088,-0.242916,-0.484887,1.42286,1.09381,-0.0848978,2.17668,4.70646,-3.07158,1.7389,-1.19658,-1.02532,1.03705,2.06008,-1.41013,-0.448932,-0.254182,-0.0176594,-0.101549,-0.0740137,-0.470995,0,0.226848,-2.4497,-3.9683,-2.32064,2.93151,4.53506,1.57703,17.5118,-4.20112,-2.95556,7.22135,0.0270173,-3.39281,0.981413,-6.99487,0.00594202,0.14464,3.17574,2.0069,-5.41989,-11.9254,-0.726759,-1.33963,1.78475,-12.2713,2.73674,3.0109,4.20857,0.569441,2.13964,-0.785722,
-2.59513,0,3.37553,0,3.27961,0,2.09791,0,0,-0.66644,1.59145,0,-2.83245,5.45323,-3.27416,-3.64693,-2.2672,1.39729,-3.25,1.50984,1.08491,-0.510062,0.528501,2.24941,0.0062714,0.366408,-2.80521,4.54879,7.9664,-0.622967,0.763455,-0.237239,-1.28401,-0.720744,1.02671,0.354638,0.510811,-0.471667,0.00952689,-0.724181,0,0.614734,2.48976,-4.10737,-8.30141,-5.21739,-15.3699,-30.7689,-6.07372,11.9162,-2.97865,15.5919,-3.89813,-3.35229,-3.58415,9.2741,1.22522,-1.83698,3.27951,4.67001,8.01864,3.22204,3.91834,18.2861,-2.27811,15.0773,8.06174,9.57969,2.7655,2.4397,1.42949,7.85887,
3.79356,0,-4.16429,0,-4.15169,0,1.57255,0,0,-0.343408,4.7414,-2.83245,0,0.0544459,2.30317,0.0343151,-1.15682,1.49467,-1.93231,-3.50893,0.588182,1.51272,-0.366398,2.10657,-0.247834,1.64192,1.27276,6.04678,-2.14531,-3.51681,4.04825,6.55525,0.59335,-3.00654,-1.50084,-1.46333,-0.560234,0.0660487,-0.235221,-0.141467,0,-0.122052,1.17729,-1.72741,-11.8762,-25.262,-7.42988,-5.35629,31.7014,-27.9095,-8.77969,0.63286,13.7467,-2.98281,-3.24057,-11.2552,-0.490888,0.34205,-11.42,7.9031,7.38304,-5.25914,-18.6615,7.85725,-21.3663,-9.46279,-10.9357,-12.0434,-8.02033,-10.0682,0.0151329,-2.83449,
0.116154,0,3.34684,0,-3.13208,0,-7.58666,0,0,0.15453,-2.01839,5.45323,0.0544459,0,-0.822853,0.286473,-2.47949,-0.869428,-1.44588,-0.355685,-0.211064,1.52889,0.207379,-1.42317,-0.0770497,-0.268299,-5.6478,5.88081,1.746,-2.94683,6.38257,0.172844,-3.01231,0.248289,-0.79673,1.70981,0.804459,-0.211077,0.239718,-0.0756598,0,0.56512,-1.6955,0.32816,-13.9588,-29.2517,-18.1271,-13.8248,-11.1413,4.17276,-15.2808,32.557,-6.26959,-10.8761,-6.94101,4.23723,0.187093,2.26631,-3.11004,6.96138,7.43837,12.8598,9.74787,-4.74915,16.0451,-1.55299,-1.04718,0.390895,1.26088,-8.09771,5.64379,-2.61758,
0.0465208,0,-0.554419,0,9.76847,0,3.08116,0,0,0.010941,0.315457,-3.27416,2.30317,-0.822853,0,0.46106,-2.86426,-1.12827,2.252,-0.0479692,-0.00489124,-1.13172,-1.25819,-0.354478,0.00156716,-2.24828,7.54899,1.66319,1.69519,-3.09322,1.99741,0.166157,-1.29805,1.54693,-0.26154,0.23578,1.49176,-0.386773,-1.03523,0.0746998,0,-0.791975,1.8119,-0.261278,-9.35993,21.0819,-7.54821,-11.0166,13.0599,-24.0281,-1.15286,-8.73231,-4.20141,-0.0284849,1.83279,-6.98624,-0.0471508,-0.608813,9.22303,-7.74365,1.1398,3.63936,4.83872,-7.38961,0.144905,17.8862,1.22316,-3.96679,-4.15575,4.4116,1.14792,9.19739,
-1.48067,0,0.259347,0,5.08647,0,-8.41041,0,0,-0.127612,3.11362,-3.64693,0.0343151,0.286473,0.46106,0,1.02072,-0.579969,-0.424111,0.147298,0.39736,-0.604893,0.141837,0.447574,0.100595,-0.1616,2.81914,-4.80944,-3.88416,-0.498273,1.24738,0.529365,0.827633,-0.199857,0.309682,-0.123988,-0.0889396,0.340075,0.174278,-1.27133,0,0.368472,-3.80328,-3.81873,6.08748,-0.0490177,-22.1828,-5.76491,-9.01595,13.9633,4.2655,4.36181,8.56091,6.32487,-9.18269,1.07588,0.0591181,-1.0286,-5.32812,2.05825,-4.31564,-1.05187,12.1922,-2.54706,-4.36351,7.73309,6.28241,3.17506,-2.61666,-8.70875,3.35333,-3.08863,
2.63786,0,2.31057,0,0.0863803,0,3.91379,0,0,-0.0167618,-1.0299,-2.2672,-1.15682,-2.47949,-2.86426,1.02072,0,1.42048,1.17172,1.31431,-0.733517,-0.342415,0.0339772,-0.315155,-0.00715609,-2.37586,-3.93797,0.443697,2.43678,-2.6493,-2.67508,-2.13396,-0.751759,-0.470733,-0.575367,-0.113504,0.0609692,0.126508,-0.686455,-0.351112,0,0.246461,-2.56242,0.509598,12.312,-16.168,12.3905,9.95928,-9.62292,-15.6293,-5.74863,-6.32282,6.26365,-2.37968,6.73195,9.09733,-0.225114,-1.26045,4.76899,5.66557,-2.10633,3.0704,4.29774,8.9799,-0.448355,-4.27269,-9.0484,5.40157,3.53103,-1.67351,-4.10968,-6.51977,
2.93203,0,-0.00538825,0,2.42728,0,-0.540331,0,0,0.027455,-1.69715,1.39729,1.49467,-0.869428,-1.12827,-0.579969,1.42048,0,1.28736,0.276762,0.327849,-0.189643,0.0421004,0.719929,-0.00778582,-0.765071,-3.34099,-0.223949,1.66041,-1.62856,1.02699,-0.260995,0.416128,0.463776,0.636239,-0.0243772,0.197944,-0.164511,0.0577449,0.0341489,0,0.347199,-0.889551,5.52179,10.1722,11.6521,1.4483,-2.18383,-2.59187,-6.66749,12.1854,-7.837,1.16746,2.32579,4.79039,3.22844,0.0575583,0.323609,0.057378,-3.76646,-3.13102,11.3387,2.91031,11.2168,-14.6305,13.4691,-4.35821,-4.33145,-3.9826,-2.6104,1.91276,-0.239112,
-0.373084,0,-0.232783,0,1.69012,0,1.05406,0,0,0.58331,0.495561,-3.25,-1.93231,-1.44588,2.252,-0.424111,1.17172,1.28736,0,-0.350867,-1.23901,-0.227911,0.279489,0.231108,-0.0273679,-1.48406,3.62647,-0.35773,3.97792,0.589415,0.65121,0.527056,-0.05506,0.204835,-0.375668,0.201925,-0.278255,-0.0373662,-0.0693893,0.661134,0,0.0655148,-0.2537,0.58338,-6.0837,-6.15045,9.19735,-3.90888,-4.10698,6.1485,-0.588148,-9.70876,6.89635,-1.16969,-2.33529,-3.46379,-0.119786,0.959092,0.498544,1.8001,2.80845,0.715552,-3.26441,-4.44317,4.41465,13.5341,-2.03901,-4.99847,-1.78431,0.822147,2.62303,3.0065,
-1.03208,0,2.43466,0,-2.64247,0,-0.133216,0,0,0.307708,0.569088,1.50984,-3.50893,-0.355685,-0.0479692,0.147298,1.31431,0.276762,-0.350867,0,-0.442319,-0.484636,-0.139042,-0.641005,0.0306582,-0.142103,-1.83117,-4.35934,1.68558,-0.0104504,-1.4671,-0.857442,0.362296,0.307346,-0.221636,0.0977446,-0.221003,-0.0318929,0.162393,-0.663673,0,0.0912944,-0.920734,-5.07103,11.0957,6.73083,-8.19332,-11.5338,-13.2789,-0.200528,-7.62331,9.37572,-0.304244,-3.75191,-1.25035,-0.129711,-0.237126,0.848866,-0.433089,0.540215,-8.32717,-0.0905877,8.6641,0.301047,-3.58412,-0.538316,-3.25823,-1.18481,1.8327,-0.75044,-0.445775,1.77036,
-0.502956,0,-1.65703,0,-0.62572,0,1.51928,0,0,-0.0307746,-0.242916,1.08491,0.588182,-0.211064,-0.00489124,0.39736,-0.733517,0.327849,-1.23901,-0.442319,0,-0.622873,0.211734,-0.366221,-0.065154,-0.930841,2.09291,-1.59758,0.999239,-1.08798,-1.16983,-1.24398,0.713912,1.11446,0.0443423,-0.480514,0.530173,0.0849045,-0.193646,0.186658,0,-0.217923,1.34572,-7.43306,-4.38701,5.37368,-5.5152,0.94024,3.76857,-0.0767525,0.339603,3.46589,-5.92145,1.8997,0.722222,0.0411279,0.0965683,-0.622492,-1.82373,-4.09228,-2.27315,-4.01792,-1.03716,-2.68902,4.60401,5.85141,3.40175,-0.212976,-2.20369,0.143172,-0.869819,4.60964,
-1.0444,0,0.33499,0,0.851602,0,0.987517,0,0,-0.243503,-0.484887,-0.510062,1.51272,1.52889,-1.13172,-0.604893,-0.342415,-0.189643,-0.227911,-0.484636,-0.622873,0,-0.375111,0.244042,-0.0221353,-0.945669,0.313493,-3.70865,0.806076,-0.96641,0.697739,0.79699,-1.30864,0.151025,0.247149,0.0702507,-0.323285,0.0698712,-0.209287,-0.196806,0,-0.128669,0.147886,2.07053,-2.97401,2.92827,-3.96592,-5.00107,4.18899,0.447502,2.66858,-4.8744,-1.78142,2.2511,1.03201,6.09351,0.193392,-0.758148,1.04763,-0.655607,4.92993,2.689,1.22923,2.33492,1.81447,0.243716,3.41271,-1.79338,0.956084,-0.872747,-0.290669,-0.323208,
-0.445419,0,-1.39624,0,-2.32979,0,-0.383161,0,0,-0.0095334,1.42286,0.528501,-0.366398,0.207379,-1.25819,0.141837,0.0339772,0.0421004,0.279489,-0.139042,0.211734,-0.375111,0,-0.633549,-0.0588444,-0.644474,0.754247,-0.378886,0.575939,-0.551541,-1.07499,-0.336179,-0.355199,0.100852,-0.0449422,-0.0582957,-0.0017018,-0.00470261,0.118707,-0.340403,0,0.113125,-1.23942,0.998347,1.98505,-2.72113,7.32544,6.5987,1.26271,-3.10192,0.443784,-2.29802,-2.67752,-0.129132,-1.38794,2.54774,-0.135057,0.390454,0.0228848,-1.83966,2.49932,0.963975,0.770771,3.57454,-0.77152,-0.00337805,0.446176,1.12888,1.68846,0.308359,-0.158199,1.01272,
-0.619853,0,0.813464,0,-1.01412,0,0.97731,0,0,-0.062315,1.09381,2.24941,2.10657,-1.42317,-0.354478,0.447574,-0.315155,0.719929,0.231108,-0.641005,-0.366221,0.244042,-0.633549,0,0.0120972,-0.479611,0.499719,0.0989853,-0.95972,-1.96478,-0.226701,0.615721,-0.407442,0.385115,-0.584592,-0.478871,0.128042,-0.297485,0.00358228,0.28542,0,0.110222,-0.15076,1.61218,-0.124938,-1.14313,1.63379,5.95748,-5.4171,-6.61223,2.80528,-0.383496,2.0393,-1.74302,-1.38982,6.03203,-0.079309,0.286347,-2.32446,-3.3835,-5.98591,1.84016,-4.36395,-0.679003,-4.92973,-3.76816,3.91403,2.04756,0.20807,0.347801,0.181514,4.09823,
0.0391988,0,0.122561,0,-0.11889,0,-0.0399657,0,0,-0.0286251,-0.0848978,0.0062714,-0.247834,-0.0770497,0.00156716,0.100595,-0.00715609,-0.00778582,-0.0273679,0.0306582,-0.065154,-0.0221353,-0.0588444,0.0120972,0,-0.0270394,0.0679514,-0.00787659,0.0842085,0.156232,-0.117878,0.00377066,-0.0169774,0.016078,0.00249846,0.00678546,-0.0255538,0.00370082,0.00648237,-0.00684998,0,0.0171226,0.00937846,0.222339,-0.317669,-0.239236,-0.80834,0.219168,-0.0412062,0.589114,0.184586,0.133956,0.15568,-0.118291,-0.00730461,-0.0771377,-0.0066727,0.00432241,-0.146793,-0.411851,0.0160563,0.264878,-0.446193,-0.0731292,-0.159712,-0.319689,0.143747,0.341024,0.0243971,-0.00969538,0.0901313,-0.0962456,
0.692029,0,0.940662,0,3.65654,0,2.18303,0,0,-0.0468833,2.17668,0.366408,1.64192,-0.268299,-2.24828,-0.1616,-2.37586,-0.765071,-1.48406,-0.142103,-0.930841,-0.945669,-0.644474,-0.479611,-0.0270394,0,1.98217,-1.18386,-1.2338,1.44519,-0.0196802,0.497623,-0.192358,-0.0124539,0.675388,0.304618,-0.619473,-0.217188,-0.182544,-0.683679,0,-0.0166842,-2.23843,9.12538,5.47398,-3.47607,-7.96275,13.3134,27.337,-2.88716,-13.9556,1.90782,4.37554,5.49746,-0.0810393,4.57494,-0.358971,-0.520579,-5.13859,-5.67609,12.5885,3.04331,-9.19612,0.435207,4.09793,-3.52626,-11.6701,6.77735,-13.3886,-0.874509,-3.2628,-11.6307,
0.96701,0,1.61226,0,0.412893,0,-7.58134,0,0,-0.724653,4.70646,-2.80521,1.27276,-5.6478,7.54899,2.81914,-3.93797,-3.34099,3.62647,-1.83117,2.09291,0.313493,0.754247,0.499719,0.0679514,1.98217,0,11.1579,5.58237,2.4097,-3.46925,0.980348,-1.82324,3.31985,-0.903129,-1.37933,-0.0436848,-0.817735,1.11784,-0.827462,0,0.122755,2.96075,6.64582,7.39997,-5.23333,2.7902,21.4793,20.7321,-3.43457,19.4172,-12.6064,-6.50457,-3.91581,-1.50571,-35.7721,0.464837,3.44159,0.215611,1.96569,-0.240491,5.2479,-11.99,0.218354,6.02162,9.47204,16.2689,-1.75345,-4.95739,7.80139,-5.05776,-9.82468,
-0.788716,0,1.68479,0,-1.39111,0,0.847657,0,0,-0.311366,-3.07158,4.54879,6.04678,5.88081,1.66319,-4.80944,0.443697,-0.223949,-0.35773,-4.35934,-1.59758,-3.70865,-0.378886,0.0989853,-0.00787659,-1.18386,11.1579,0,3.86603,-6.87913,-0.0221053,2.5936,-0.597871,-3.19473,-2.50025,-1.02689,1.59178,-0.172915,-0.160224,-0.993215,0,-0.217659,-3.6463,-9.92595,13.129,-2.8747,44.4552,39.7066,6.68053,8.34262,-9.50837,8.26216,18.6657,0.186365,-0.249469,-14.1747,-0.926895,1.79167,0.210031,3.70004,-48.7067,-0.156231,-4.68576,-17.0202,-14.1132,-21.0077,-29.8554,14.9909,7.719,3.53379,-1.35902,-5.26041,
0.340615,0,1.09037,0,7.02811,0,2.16525,0,0,-1.25712,1.7389,7.9664,-2.14531,1.746,1.69519,-3.88416,2.43678,1.66041,3.97792,1.68558,0.999239,0.806076,0.575939,-0.95972,0.0842085,-1.2338,5.58237,3.86603,0,5.45082,-0.570316,1.06473,0.408267,1.20332,-1.19853,0.0847285,0.167884,0.168307,-0.462718,0.285645,0,0.0691179,1.11476,-1.93298,3.12025,7.01512,-21.2756,24.206,-24.2407,17.4071,23.0273,12.4979,13.8683,-5.13537,17.7813,-20.1529,-0.100745,-2.84949,-2.96018,10.3885,-7.4422,0.924768,29.2492,22.6647,-1.3725,14.1754,4.96325,2.98343,6.58883,-3.3259,2.01689,20.2979,
0.210755,0,5.71386,0,-1.30456,0,-0.462746,0,0,-0.818412,-1.19658,-0.622967,-3.51681,-2.94683,-3.09322,-0.498273,-2.6493,-1.62856,0.589415,-0.0104504,-1.08798,-0.96641,-0.551541,-1.96478,0.156232,1.44519,2.4097,-6.87913,5.45082,0,1.8076,-0.255749,-0.725669,1.28073,-1.4012,0.253387,0.43423,-0.217653,-0.321552,0.389456,0,-0.550821,0.0466439,8.95955,6.95845,-2.27336,0.704767,-34.2911,1.30135,53.0399,-0.553764,-5.21258,5.95417,-11.0543,-13.3177,-22.4166,-0.458757,0.900816,-7.15324,-0.484438,13.7223,8.00886,11.8783,-3.21192,-4.31344,15.8556,5.02819,-5.02325,-2.3729,-1.29709,0.690189,0.922437,
1.9717,0,-2.83349,0,5.53012,0,0.788132,0,0,0.189941,-1.02532,0.763455,4.04825,6.38257,1.99741,1.24738,-2.67508,1.02699,0.65121,-1.4671,-1.16983,0.697739,-1.07499,-0.226701,-0.117878,-0.0196802,-3.46925,-0.0221053,-0.570316,1.8076,0,1.11814,-0.92079,-0.399188,-0.620056,0.463825,-0.124314,-0.0805868,0.377019,-0.106348,0,0.475533,1.60556,7.46913,12.3546,-19.8087,11.815,-15.0339,11.3173,1.88536,10.8909,-9.47759,-4.13431,8.01043,5.9588,-8.33571,-0.0424728,-1.69105,-3.66523,3.01634,-5.46692,0.305667,-1.19188,7.69852,-0.967091,-4.8165,-5.30874,-7.95595,-0.391282,-1.17961,0.515175,-2.10796,
-0.167197,0,-0.984285,0,2.04331,0,-3.157,0,0,0.242417,1.03705,-0.237239,6.55525,0.172844,0.166157,0.529365,-2.13396,-0.260995,0.527056,-0.857442,-1.24398,0.79699,-0.336179,0.615721,0.00377066,0.497623,0.980348,2.5936,1.06473,-0.255749,1.11814,0,0.262671,-0.383376,-0.529384,0.907409,-0.346378,-0.0478219,-0.231764,0.0545934,0,0.128493,-5.39171,-1.67979,-3.44845,-3.0312,24.4262,7.90406,4.26116,7.69097,5.76857,-17.3517,6.30634,-2.09932,-5.09833,-6.20762,-0.107961,2.48084,2.53132,0.494869,4.36596,-2.36206,10.8992,-7.51205,-10.4778,-8.34444,2.23997,-7.53243,-2.21696,-4.86048,-0.161511,5.18591,
1.17265,0,-1.38438,0,0.71861,0,-1.55859,0,0,0.217927,2.06008,-1.28401,0.59335,-3.01231,-1.29805,0.827633,-0.751759,0.416128,-0.05506,0.362296,0.713912,-1.30864,-0.355199,-0.407442,-0.0169774,-0.192358,-1.82324,-0.597871,0.408267,-0.725669,-0.92079,0.262671,0,-1.65053,0.0555502,-0.964805,-0.0989954,-0.0994229,0.0129729,-0.687507,0,-0.00994334,0.765831,-1.32638,8.01555,15.3894,-2.22472,-4.42939,-0.344692,-11.8018,-7.05494,-0.594591,12.4241,-1.93432,-3.29199,-1.99994,-0.139134,0.263434,0.333555,-10.3464,-3.40267,0.339019,-1.18025,3.73238,2.59392,0.570421,-0.51102,-0.413853,2.94687,0.0537764,0.312068,2.62806,
0.425504,0,-1.59313,0,-0.278637,0,-1.44867,0,0,-0.0514002,-1.41013,-0.720744,-3.00654,0.248289,1.54693,-0.199857,-0.470733,0.463776,0.204835,0.307346,1.11446,0.151025,0.100852,0.385115,0.016078,-0.0124539,3.31985,-3.19473,1.20332,1.28073,-0.399188,-0.383376,-1.65053,0,0.893917,0.127458,0.214998,0.0320408,0.261015,0.325989,0,-0.269188,-1.18044,-5.15423,8.80143,-1.52132,-14.79,11.0142,3.8174,6.08809,-2.25041,-1.05279,-5.27978,-2.50309,0.926903,1.47862,-0.217536,-0.617311,-5.6468,-1.94723,-8.01879,4.85931,0.534319,0.766016,3.77822,-1.35613,-0.44616,-1.65135,-2.61697,2.21997,-0.300224,4.93886,
-0.247321,0,-0.430423,0,-1.1258,0,0.314683,0,0,-0.0814247,-0.448932,1.02671,-1.50084,-0.79673,-0.26154,0.309682,-0.575367,0.636239,-0.375668,-0.221636,0.0443423,0.247149,-0.0449422,-0.584592,0.00249846,0.675388,-0.903129,-2.50025,-1.19853,-1.4012,-0.620056,-0.529384,0.0555502,0.893917,0,0.0114074,0.130086,-0.167299,-0.0198092,-0.0851217,0,0.429954,1.26635,-1.43009,-7.52672,-0.792698,-10.7673,-4.29446,-0.192108,8.73575,6.27141,2.24852,-1.82287,-1.04357,1.37326,1.21018,-0.0693178,-0.584591,-1.3754,1.23412,2.08756,-1.59941,-1.78506,4.77215,-1.82833,0.911396,-1.77592,6.76958,-0.740518,-0.200597,0.335132,-1.49142,
-1.33002,0,-0.237044,0,2.26301,0,-0.690352,0,0,-0.0384817,-0.254182,0.354638,-1.46333,1.70981,0.23578,-0.123988,-0.113504,-0.0243772,0.201925,0.0977446,-0.480514,0.0702507,-0.0582957,-0.478871,0.00678546,0.304618,-1.37933,-1.02689,0.0847285,0.253387,0.463825,0.907409,-0.964805,0.127458,0.0114074,0,0.244246,0.215381,-0.160859,-0.0226367,0,-0.0511404,0.0140141,0.999441,0.290741,-2.89635,1.58749,-3.39988,1.26614,-0.0446655,-2.15168,-2.47701,-1.43643,2.35905,-0.486226,4.11982,0.107277,-0.216739,1.0286,0.134979,4.21432,0.246877,2.21065,1.33785,1.4385,-3.11798,3.04257,0.447171,-2.09805,1.18966,0.419702,1.09887,
-0.155054,0,0.0754865,0,-0.182465,0,-0.480793,0,0,0.157449,-0.0176594,0.510811,-0.560234,0.804459,1.49176,-0.0889396,0.0609692,0.197944,-0.278255,-0.221003,0.530173,-0.323285,-0.0017018,0.128042,-0.0255538,-0.619473,-0.0436848,1.59178,0.167884,0.43423,-0.124314,-0.346378,-0.0989954,0.214998,0.130086,0.244246,0,-0.271984,0.0021311,0.288671,0,-0.111345,-0.308171,-2.50103,1.60325,-1.92119,0.225405,-2.55716,-10.9433,0.619798,-1.93838,2.22378,-0.874597,-2.32022,0.614027,2.10957,-0.0388842,-0.229644,-0.79419,-0.968753,-1.98184,0.22377,1.58443,-0.625211,-1.77878,1.79999,0.453653,-0.130998,-1.78098,2.37283,-0.248835,2.46596,
-0.170307,0,0.159808,0,-0.101929,0,-0.0588389,0,0,0.000919305,-0.101549,-0.471667,0.0660487,-0.211077,-0.386773,0.340075,0.126508,-0.164511,-0.0373662,-0.0318929,0.0849045,0.0698712,-0.00470261,-0.297485,0.00370082,-0.217188,-0.817735,-0.172915,0.168307,-0.217653,-0.0805868,-0.0478219,-0.0994229,0.0320408,-0.167299,0.215381,-0.271984,0,-0.0816228,-0.0598288,0,0.00798541,0.463539,2.80072,-0.369166,-2.83037,6.89034,-2.89476,1.62885,0.546897,2.49192,-4.32353,-0.423814,0.539655,-0.835648,2.96528,-0.0166137,-0.188148,-1.56011,-4.45897,-2.21333,-2.7008,-1.26326,-1.40181,-1.29983,1.49706,1.12845,1.47349,0.717508,0.0467231,-0.345817,-0.971796,
0.0723222,0,-0.12506,0,-0.765026,0,-0.232197,0,0,0.104144,-0.0740137,0.00952689,-0.235221,0.239718,-1.03523,0.174278,-0.686455,0.0577449,-0.0693893,0.162393,-0.193646,-0.209287,0.118707,0.00358228,0.00648237,-0.182544,1.11784,-0.160224,-0.462718,-0.321552,0.377019,-0.231764,0.0129729,0.261015,-0.0198092,-0.160859,0.0021311,-0.0816228,0,-0.0164154,0,0.0147185,0.131153,0.0845014,-1.87071,-1.05911,-2.71811,-4.27108,-1.90855,3.16971,2.81325,3.26929,1.44526,-1.71245,-0.937444,0.186541,-0.0730922,-0.126622,-0.0537094,1.7602,-0.605069,3.45824,0.889274,-1.94372,1.17921,1.35344,-1.0497,-0.0876941,1.90599,-1.20858,-0.768041,-1.77878,
-0.438683,0,-0.783058,0,-0.600197,0,1.06481,0,0,-0.201371,-0.470995,-0.724181,-0.141467,-0.0756598,0.0746998,-1.27133,-0.351112,0.0341489,0.661134,-0.663673,0.186658,-0.196806,-0.340403,0.28542,-0.00684998,-0.683679,-0.827462,-0.993215,0.285645,0.389456,-0.106348,0.0545934,-0.687507,0.325989,-0.0851217,-0.0226367,0.288671,-0.0598288,-0.0164154,0,0,-0.20991,0.72521,-1.83873,-1.98588,1.22354,-0.465069,-3.46381,-3.58001,4.9241,-5.42334,-3.58002,-2.6061,-0.824336,-1.28996,0.285221,0.0237999,0.237175,-0.870223,5.20648,1.65094,-0.59298,0.471497,-0.41754,-2.77904,-0.488681,-1.66053,0.789748,1.72094,-1.91412,0.92563,1.6726,
0,0,0,0,0,0,0,0,0,0,0,0,0,0,0,0,0,0,0,0,0,0,0,0,0,0,0,0,0,0,0,0,0,0,0,0,0,0,0,0,0,0,0,0,0,0,0,0,0,0,0,0,0,0,0,0,0,0,0,0,0,0,0,0,0,0,0,0,0,0,0,0,
0.113807,0,0.253829,0,-0.212221,0,0.317772,0,0,-0.0324859,0.226848,0.614734,-0.122052,0.56512,-0.791975,0.368472,0.246461,0.347199,0.0655148,0.0912944,-0.217923,-0.128669,0.113125,0.110222,0.0171226,-0.0166842,0.122755,-0.217659,0.0691179,-0.550821,0.475533,0.128493,-0.00994334,-0.269188,0.429954,-0.0511404,-0.111345,0.00798541,0.0147185,-0.20991,0,0,-0.699063,2.59631,-0.96777,2.09321,-2.88097,0.0429444,-1.82822,-1.84207,-0.234171,1.44434,-2.63817,2.29713,1.8994,-1.69517,0.0456117,0.173478,-1.37272,2.7591,1.25664,0.328809,-2.12662,1.57643,1.47282,1.89935,-1.80202,2.08622,-0.842584,0.257002,0.50831,0.219924,
0.211597,0,1.89795,0,2.09005,0,1.04515,0,0,0.0426949,-2.4497,2.48976,1.17729,-1.6955,1.8119,-3.80328,-2.56242,-0.889551,-0.2537,-0.920734,1.34572,0.147886,-1.23942,-0.15076,0.00937846,-2.23843,2.96075,-3.6463,1.11476,0.0466439,1.60556,-5.39171,0.765831,-1.18044,1.26635,0.0140141,-0.308171,0.463539,0.131153,0.72521,0,-0.699063,0,0.884784,7.33035,-6.48704,-11.5993,-20.9142,-8.38863,-2.95197,-2.39166,5.8772,0.950797,-1.79568,8.76488,5.00414,0.165129,0.3613,-11.9201,10.5245,-2.93209,13.4696,4.90695,-12.8089,-13.2247,8.87313,-4.71402,-1.93174,7.33103,-0.573054,4.45118,0.488773,
-4.15274,0,-1.61808,0,7.87035,0,16.9037,0,0,-1.4541,-3.9683,-4.10737,-1.72741,0.32816,-0.261278,-3.81873,0.509598,5.52179,0.58338,-5.07103,-7.43306,2.07053,0.998347,1.61218,0.222339,9.12538,6.64582,-9.92595,-1.93298,8.95955,7.46913,-1.67979,-1.32638,-5.15423,-1.43009,0.999441,-2.50103,2.80072,0.0845014,-1.83873,0,2.59631,0.884784,0,60.6813,-101.746,90.1663,-83.3077,-1.8281,-60.7314,49.8071,-16.813,-2.84753,38.4679,8.26025,-36.9744,-0.315188,-4.33201,-33.2149,-1.26601,55.155,29.6621,-4.18244,-5.87883,6.13506,20.2953,15.9393,-4.65579,-24.1013,1.22156,9.19897,11.0115,
5.89559,0,-6.82776,0,-16.7723,0,7.11038,0,0,-1.12659,-2.32064,-8.30141,-11.8762,-13.9588,-9.35993,6.08748,12.312,10.1722,-6.0837,11.0957,-4.38701,-2.97401,1.98505,-0.124938,-0.317669,5.47398,7.39997,13.129,3.12025,6.95845,12.3546,-3.44845,8.01555,8.80143,-7.52672,0.290741,1.60325,-0.369166,-1.87071,-1.98588,0,-0.96777,7.33035,60.6813,0,-23.532,55.3067,-21.9998,88.815,26.4032,3.39731,-81.5635,-23.1507,28.8708,54.1682,32.2014,-2.23966,-3.78241,-28.9294,-1.58132,-58.5908,-25.5169,7.08396,74.4976,-15.1884,42.8259,-16.4372,-84.4946,-46.2521,-8.2571,13.3911,-9.65047,
17.1331,0,14.9697,0,-26.2344,0,4.46586,0,0,-2.81069,2.93151,-5.21739,-25.262,-29.2517,21.0819,-0.0490177,-16.168,11.6521,-6.15045,6.73083,5.37368,2.92827,-2.72113,-1.14313,-0.239236,-3.47607,-5.23333,-2.8747,7.01512,-2.27336,-19.8087,-3.0312,15.3894,-1.52132,-0.792698,-2.89635,-1.92119,-2.83037,-1.05911,1.22354,0,2.09321,-6.48704,-101.746,-23.532,0,-98.4766,-41.6072,59.3454,-65.0456,68.9745,21.0247,1.10812,16.1684,6.66071,-23.0724,-2.97177,-4.12671,51.896,-9.11966,-27.8877,10.2575,-30.8767,-34.3083,37.2744,23.3504,-89.5602,-8.0786,30.3638,1.4679,-22.0574,39.0123,
-7.84458,0,2.87162,0,5.40981,0,5.17874,0,0,4.0184,4.53506,-15.3699,-7.42988,-18.1271,-7.54821,-22.1828,12.3905,1.4483,9.19735,-8.19332,-5.5152,-3.96592,7.32544,1.63379,-0.80834,-7.96275,2.7902,44.4552,-21.2756,0.704767,11.815,24.4262,-2.22472,-14.79,-10.7673,1.58749,0.225405,6.89034,-2.71811,-0.465069,0,-2.88097,-11.5993,90.1663,55.3067,-98.4766,0,-40.8559,55.8113,-76.5482,-41.7718,-127.101,15.8127,52.4592,-11.325,11.2745,-1.20602,18.0169,-22.4373,25.9346,1.94556,-40.1992,-49.9183,38.1846,-83.9169,-58.379,31.6943,-51.3085,32.232,1.14886,-0.0386015,-6.38774,
0.389666,0,-6.91651,0,27.7529,0,-37.1551,0,0,-0.771447,1.57703,-30.7689,-5.35629,-13.8248,-11.0166,-5.76491,9.95928,-2.18383,-3.90888,-11.5338,0.94024,-5.00107,6.5987,5.95748,0.219168,13.3134,21.4793,39.7066,24.206,-34.2911,-15.0339,7.90406,-4.42939,11.0142,-4.29446,-3.39988,-2.55716,-2.89476,-4.27108,-3.46381,0,0.0429444,-20.9142,-83.3077,-21.9998,-41.6072,-40.8559,0,-17.6153,-76.3277,-77.5186,-2.52622,-18.6816,65.6574,86.1595,3.64177,1.78564,0.766016,-53.4063,-1.37156,15.6356,5.67426,-64.6668,37.667,24.1446,-60.973,-39.1435,-12.978,-63.6567,48.2901,-0.258124,-19.8397,
19.7278,0,-25.0155,0,34.1694,0,16.9211,0,0,-4.79883,17.5118,-6.07372,31.7014,-11.1413,13.0599,-9.01595,-9.62292,-2.59187,-4.10698,-13.2789,3.76857,4.18899,1.26271,-5.4171,-0.0412062,27.337,20.7321,6.68053,-24.2407,1.30135,11.3173,4.26116,-0.344692,3.8174,-0.192108,1.26614,-10.9433,1.62885,-1.90855,-3.58001,0,-1.82822,-8.38863,-1.8281,88.815,59.3454,55.8113,-17.6153,0,11.8757,-17.8884,52.8605,-79.5725,-5.80062,20.9376,-13.7546,-0.615941,0.237098,-3.8462,-43.9992,68.7367,-17.9288,-77.6993,20.0273,3.4257,91.7067,-3.47455,-3.13933,-34.4296,-15.1568,-35.2736,-37.0497,
-3.05744,0,8.5265,0,-1.68073,0,9.26711,0,0,-1.35675,-4.20112,11.9162,-27.9095,4.17276,-24.0281,13.9633,-15.6293,-6.66749,6.1485,-0.200528,-0.0767525,0.447502,-3.10192,-6.61223,0.589114,-2.88716,-3.43457,8.34262,17.4071,53.0399,1.88536,7.69097,-11.8018,6.08809,8.73575,-0.0446655,0.619798,0.546897,3.16971,4.9241,0,-1.84207,-2.95197,-60.7314,26.4032,-65.0456,-76.5482,-76.3277,11.8757,0,-4.15649,4.06374,40.0268,-55.3008,-34.4522,-45.2066,-0.838679,-1.6877,-17.6919,70.6734,-4.03435,-81.5866,-55.9255,-89.5772,-20.7905,-14.9318,27.6102,-0.205929,15.3717,-5.68673,24.8927,-45.2963,
22.1828,0,17.0791,0,-21.0582,0,1.44461,0,0,1.32691,-2.95556,-2.97865,-8.77969,-15.2808,-1.15286,4.2655,-5.74863,12.1854,-0.588148,-7.62331,0.339603,2.66858,0.443784,2.80528,0.184586,-13.9556,19.4172,-9.50837,23.0273,-0.553764,10.8909,5.76857,-7.05494,-2.25041,6.27141,-2.15168,-1.93838,2.49192,2.81325,-5.42334,0,-0.234171,-2.39166,49.8071,3.39731,68.9745,-41.7718,-77.5186,-17.8884,-4.15649,0,-49.8717,20.0096,25.6847,5.25869,1.34581,-2.50983,0.161329,-10.1489,80.5082,3.26663,-14.2638,-51.6523,36.5912,2.34944,-5.78183,81.2454,4.49727,-3.07286,-23.6639,-1.04051,-53.8429,
-3.52341,0,13.035,0,-19.1871,0,29.6149,0,0,-1.4735,7.22135,15.5919,0.63286,32.557,-8.73231,4.36181,-6.32282,-7.837,-9.70876,9.37572,3.46589,-4.8744,-2.29802,-0.383496,0.133956,1.90782,-12.6064,8.26216,12.4979,-5.21258,-9.47759,-17.3517,-0.594591,-1.05279,2.24852,-2.47701,2.22378,-4.32353,3.26929,-3.58002,0,1.44434,5.8772,-16.813,-81.5635,21.0247,-127.101,-2.52622,52.8605,4.06374,-49.8717,0,-45.7351,-37.8492,10.8267,-23.7186,0.594467,0.906877,0.408172,7.41614,-59.4749,-17.5019,-3.90152,13.9126,31.3988,-6.43596,-2.50381,39.4248,1.6668,-13.8257,0.830854,22.8353,
0.0517939,0,5.19566,0,-3.25568,0,-2.01361,0,0,1.05823,0.0270173,-3.89813,13.7467,-6.26959,-4.20141,8.56091,6.26365,1.16746,6.89635,-0.304244,-5.92145,-1.78142,-2.67752,2.0393,0.15568,4.37554,-6.50457,18.6657,13.8683,5.95417,-4.13431,6.30634,12.4241,-5.27978,-1.82287,-1.43643,-0.874597,-0.423814,1.44526,-2.6061,0,-2.63817,0.950797,-2.84753,-23.1507,1.10812,15.8127,-18.6816,-79.5725,40.0268,20.0096,-45.7351,0,-9.76884,31.5053,-5.5,1.62687,0.975597,-3.41205,97.6609,18.3959,7.12855,15.8938,-33.0989,23.1965,-6.61205,-46.6522,-9.56402,-14.7884,-0.459512,-0.969192,-3.7264,
-4.15638,0,3.0449,0,-2.46891,0,0.147911,0,0,-1.4885,-3.39281,-3.35229,-2.98281,-10.8761,-0.0284849,6.32487,-2.37968,2.32579,-1.16969,-3.75191,1.8997,2.2511,-0.129132,-1.74302,-0.118291,5.49746,-3.91581,0.186365,-5.13537,-11.0543,8.01043,-2.09932,-1.93432,-2.50309,-1.04357,2.35905,-2.32022,0.539655,-1.71245,-0.824336,0,2.29713,-1.79568,38.4679,28.8708,16.1684,52.4592,65.6574,-5.80062,-55.3008,25.6847,-37.8492,-9.76884,0,24.3429,-1.48819,2.1473,2.15255,13.853,35.6034,-16.7515,-0.202833,-18.2234,18.351,24.8914,9.67824,-13.5126,2.90569,-1.01362,-6.40794,10.8739,-9.03468,
-1.4946,0,-6.3447,0,6.37768,0,4.1084,0,0,0.36896,0.981413,-3.58415,-3.24057,-6.94101,1.83279,-9.18269,6.73195,4.79039,-2.33529,-1.25035,0.722222,1.03201,-1.38794,-1.38982,-0.00730461,-0.0810393,-1.50571,-0.249469,17.7813,-13.3177,5.9588,-5.09833,-3.29199,0.926903,1.37326,-0.486226,0.614027,-0.835648,-0.937444,-1.28996,0,1.8994,8.76488,8.26025,54.1682,6.66071,-11.325,86.1595,20.9376,-34.4522,5.25869,10.8267,31.5053,24.3429,0,-31.3178,-0.0288277,-6.03676,-3.68028,0.543196,-41.4701,8.87158,-27.6837,32.9319,27.9478,37.5791,-17.9576,-12.2807,-13.8167,0.0651545,-2.69742,13.8621,
-1.33814,0,-2.27812,0,-7.64486,0,15.7732,0,0,-1.53551,-6.99487,9.2741,-11.2552,4.23723,-6.98624,1.07588,9.09733,3.22844,-3.46379,-0.129711,0.0411279,6.09351,2.54774,6.03203,-0.0771377,4.57494,-35.7721,-14.1747,-20.1529,-22.4166,-8.33571,-6.20762,-1.99994,1.47862,1.21018,4.11982,2.10957,2.96528,0.186541,0.285221,0,-1.69517,5.00414,-36.9744,32.2014,-23.0724,11.2745,3.64177,-13.7546,-45.2066,1.34581,-23.7186,-5.5,-1.48819,-31.3178,0,-2.40615,-3.20761,3.72161,-80.9388,-0.306042,4.11409,32.6904,-43.8299,21.7853,-3.04798,-6.89799,14.8578,8.34045,-21.2103,-13.396,-2.94854,
-0.00774817,0,0.286847,0,1.11502,0,-0.187292,0,0,0.0732795,0.00594202,1.22522,-0.490888,0.187093,-0.0471508,0.0591181,-0.225114,0.0575583,-0.119786,-0.237126,0.0965683,0.193392,-0.135057,-0.079309,-0.0066727,-0.358971,0.464837,-0.926895,-0.100745,-0.458757,-0.0424728,-0.107961,-0.139134,-0.217536,-0.0693178,0.107277,-0.0388842,-0.0166137,-0.0730922,0.0237999,0,0.0456117,0.165129,-0.315188,-2.23966,-2.97177,-1.20602,1.78564,-0.615941,-0.838679,-2.50983,0.594467,1.62687,2.1473,-0.0288277,-2.40615,0,-0.0771447,0.305046,4.21073,2.78884,-3.11234,-1.58253,-0.230866,1.5696,-0.182567,0.49863,-0.450202,-0.209163,-0.800756,0.545054,0.51877,
-0.394769,0,1.60856,0,-0.982396,0,-1.97106,0,0,-0.081709,0.14464,-1.83698,0.34205,2.26631,-0.608813,-1.0286,-1.26045,0.323609,0.959092,0.848866,-0.622492,-0.758148,0.390454,0.286347,0.00432241,-0.520579,3.44159,1.79167,-2.84949,0.900816,-1.69105,2.48084,0.263434,-0.617311,-0.584591,-0.216739,-0.229644,-0.188148,-0.126622,0.237175,0,0.173478,0.3613,-4.33201,-3.78241,-4.12671,18.0169,0.766016,0.237098,-1.6877,0.161329,0.906877,0.975597,2.15255,-6.03676,-3.20761,-0.0771447,0,-3.55835,5.55974,-3.52616,-2.61984,-3.63723,0.71833,-3.93392,-0.265665,-1.57394,-2.14896,-1.41626,1.40766,-1.54931,0.091994,
6.92488,0,9.39857,0,1.71624,0,5.30708,0,0,1.82559,3.17574,3.27951,-11.42,-3.11004,9.22303,-5.32812,4.76899,0.057378,0.498544,-0.433089,-1.82373,1.04763,0.0228848,-2.32446,-0.146793,-5.13859,0.215611,0.210031,-2.96018,-7.15324,-3.66523,2.53132,0.333555,-5.6468,-1.3754,1.0286,-0.79419,-1.56011,-0.0537094,-0.870223,0,-1.37272,-11.9201,-33.2149,-28.9294,51.896,-22.4373,-53.4063,-3.8462,-17.6919,-10.1489,0.408172,-3.41205,13.853,-3.68028,3.72161,0.305046,-3.55835,0,44.2444,2.96805,9.44569,8.16589,2.00727,12.7814,-4.78277,2.93284,-23.6823,3.07263,7.46557,-6.48926,12.2875,
6.52812,0,17.1544,0,12.3135,0,4.97307,0,0,1.9605,2.0069,4.67001,7.9031,6.96138,-7.74365,2.05825,5.66557,-3.76646,1.8001,0.540215,-4.09228,-0.655607,-1.83966,-3.3835,-0.411851,-5.67609,1.96569,3.70004,10.3885,-0.484438,3.01634,0.494869,-10.3464,-1.94723,1.23412,0.134979,-0.968753,-4.45897,1.7602,5.20648,0,2.7591,10.5245,-1.26601,-1.58132,-9.11966,25.9346,-1.37156,-43.9992,70.6734,80.5082,7.41614,97.6609,35.6034,0.543196,-80.9388,4.21073,5.55974,44.2444,0,-10.9552,24.3318,6.04349,-14.1018,8.42043,5.7717,-49.7008,-37.739,-31.3094,-14.3104,3.27741,11.0855,
-0.782022,0,0.735566,0,14.4775,0,-6.13722,0,0,0.446052,-5.41989,8.01864,7.38304,7.43837,1.1398,-4.31564,-2.10633,-3.13102,2.80845,-8.32717,-2.27315,4.92993,2.49932,-5.98591,0.0160563,12.5885,-0.240491,-48.7067,-7.4422,13.7223,-5.46692,4.36596,-3.40267,-8.01879,2.08756,4.21432,-1.98184,-2.21333,-0.605069,1.65094,0,1.25664,-2.93209,55.155,-58.5908,-27.8877,1.94556,15.6356,68.7367,-4.03435,3.26663,-59.4749,18.3959,-16.7515,-41.4701,-0.306042,2.78884,-3.52616,2.96805,-10.9552,0,27.1312,43.2629,14.0126,32.1797,7.29456,24.0791,-1.71217,-27.1527,-4.37502,-13.178,-22.2114,
1.21095,0,17.9388,0,-10.811,0,-16.5996,0,0,1.18061,-11.9254,3.22204,-5.25914,12.8598,3.63936,-1.05187,3.0704,11.3387,0.715552,-0.0905877,-4.01792,2.689,0.963975,1.84016,0.264878,3.04331,5.2479,-0.156231,0.924768,8.00886,0.305667,-2.36206,0.339019,4.85931,-1.59941,0.246877,0.22377,-2.7008,3.45824,-0.59298,0,0.328809,13.4696,29.6621,-25.5169,10.2575,-40.1992,5.67426,-17.9288,-81.5866,-14.2638,-17.5019,7.12855,-0.202833,8.87158,4.11409,-3.11234,-2.61984,9.44569,24.3318,27.1312,0,-4.19183,-34.5531,9.6487,47.062,-14.5056,-21.8148,15.8088,-9.16003,-6.7878,-41.2544,
-7.61146,0,-3.1089,0,3.42553,0,-8.5369,0,0,-0.0699045,-0.726759,3.91834,-18.6615,9.74787,4.83872,12.1922,4.29774,2.91031,-3.26441,8.6641,-1.03716,1.22923,0.770771,-4.36395,-0.446193,-9.19612,-11.99,-4.68576,29.2492,11.8783,-1.19188,10.8992,-1.18025,0.534319,-1.78506,2.21065,1.58443,-1.26326,0.889274,0.471497,0,-2.12662,4.90695,-4.18244,7.08396,-30.8767,-49.9183,-64.6668,-77.6993,-55.9255,-51.6523,-3.90152,15.8938,-18.2234,-27.6837,32.6904,-1.58253,-3.63723,8.16589,6.04349,43.2629,-4.19183,0,-16.9377,4.51812,5.57659,-2.20698,-12.0789,10.1997,-25.5062,7.55174,16.7699,
7.23873,0,13.4169,0,-0.529519,0,5.4604,0,0,-1.5937,-1.33963,18.2861,7.85725,-4.74915,-7.38961,-2.54706,8.9799,11.2168,-4.44317,0.301047,-2.68902,2.33492,3.57454,-0.679003,-0.0731292,0.435207,0.218354,-17.0202,22.6647,-3.21192,7.69852,-7.51205,3.73238,0.766016,4.77215,1.33785,-0.625211,-1.40181,-1.94372,-0.41754,0,1.57643,-12.8089,-5.87883,74.4976,-34.3083,38.1846,37.667,20.0273,-89.5772,36.5912,13.9126,-33.0989,18.351,32.9319,-43.8299,-0.230866,0.71833,2.00727,-14.1018,14.0126,-34.5531,-16.9377,0,-8.50195,-6.99302,-36.433,-17.9078,-8.50317,7.8313,4.97511,2.74766,
9.63717,0,9.15966,0,-19.0134,0,11.8156,0,0,-0.0804308,1.78475,-2.27811,-21.3663,16.0451,0.144905,-4.36351,-0.448355,-14.6305,4.41465,-3.58412,4.60401,1.81447,-0.77152,-4.92973,-0.159712,4.09793,6.02162,-14.1132,-1.3725,-4.31344,-0.967091,-10.4778,2.59392,3.77822,-1.82833,1.4385,-1.77878,-1.29983,1.17921,-2.77904,0,1.47282,-13.2247,6.13506,-15.1884,37.2744,-83.9169,24.1446,3.4257,-20.7905,2.34944,31.3988,23.1965,24.8914,27.9478,21.7853,1.5696,-3.93392,12.7814,8.42043,32.1797,9.6487,4.51812,-8.50195,0,4.59216,2.66747,12.2364,-23.7373,-0.228036,-6.66537,-4.28059,
-0.406717,0,-5.51645,0,10.5766,0,6.02561,0,0,1.85666,-12.2713,15.0773,-9.46279,-1.55299,17.8862,7.73309,-4.27269,13.4691,13.5341,-0.538316,5.85141,0.243716,-0.00337805,-3.76816,-0.319689,-3.52626,9.47204,-21.0077,14.1754,15.8556,-4.8165,-8.34444,0.570421,-1.35613,0.911396,-3.11798,1.79999,1.49706,1.35344,-0.488681,0,1.89935,8.87313,20.2953,42.8259,23.3504,-58.379,-60.973,91.7067,-14.9318,-5.78183,-6.43596,-6.61205,9.67824,37.5791,-3.04798,-0.182567,-0.265665,-4.78277,5.7717,7.29456,47.062,5.57659,-6.99302,4.59216,0,17.7243,-10.494,-2.41965,-9.02143,9.35709,14.1012,
-4.45431,0,-3.25116,0,8.06725,0,-17.4066,0,0,0.849785,2.73674,8.06174,-10.9357,-1.04718,1.22316,6.28241,-9.0484,-4.35821,-2.03901,-3.25823,3.40175,3.41271,0.446176,3.91403,0.143747,-11.6701,16.2689,-29.8554,4.96325,5.02819,-5.30874,2.23997,-0.51102,-0.44616,-1.77592,3.04257,0.453653,1.12845,-1.0497,-1.66053,0,-1.80202,-4.71402,15.9393,-16.4372,-89.5602,31.6943,-39.1435,-3.47455,27.6102,81.2454,-2.50381,-46.6522,-13.5126,-17.9576,-6.89799,0.49863,-1.57394,2.93284,-49.7008,24.0791,-14.5056,-2.20698,-36.433,2.66747,17.7243,0,31.6791,19.0462,1.19828,-10.7006,-0.567614,
-3.04248,0,-0.502388,0,0.117124,0,8.84136,0,0,-4.41587,3.0109,9.57969,-12.0434,0.390895,-3.96679,3.17506,5.40157,-4.33145,-4.99847,-1.18481,-0.212976,-1.79338,1.12888,2.04756,0.341024,6.77735,-1.75345,14.9909,2.98343,-5.02325,-7.95595,-7.53243,-0.413853,-1.65135,6.76958,0.447171,-0.130998,1.47349,-0.0876941,0.789748,0,2.08622,-1.93174,-4.65579,-84.4946,-8.0786,-51.3085,-12.978,-3.13933,-0.205929,4.49727,39.4248,-9.56402,2.90569,-12.2807,14.8578,-0.450202,-2.14896,-23.6823,-37.739,-1.71217,-21.8148,-12.0789,-17.9078,12.2364,-10.494,31.6791,0,3.25123,3.76663,-1.83907,-19.1769,
3.53236,0,1.7829,0,1.86694,0,-5.33413,0,0,0.211178,4.20857,2.7655,-8.02033,1.26088,-4.15575,-2.61666,3.53103,-3.9826,-1.78431,1.8327,-2.20369,0.956084,1.68846,0.20807,0.0243971,-13.3886,-4.95739,7.719,6.58883,-2.3729,-0.391282,-2.21696,2.94687,-2.61697,-0.740518,-2.09805,-1.78098,0.717508,1.90599,1.72094,0,-0.842584,7.33103,-24.1013,-46.2521,30.3638,32.232,-63.6567,-34.4296,15.3717,-3.07286,1.6668,-14.7884,-1.01362,-13.8167,8.34045,-0.209163,-1.41626,3.07263,-31.3094,-27.1527,15.8088,10.1997,-8.50317,-23.7373,-2.41965,19.0462,3.25123,0,-10.8776,4.05055,18.8387,
-1.25913,0,0.0453351,0,6.28678,0,-4.55742,0,0,-0.516899,0.569441,2.4397,-10.0682,-8.09771,4.4116,-8.70875,-1.67351,-2.6104,0.822147,-0.75044,0.143172,-0.872747,0.308359,0.347801,-0.00969538,-0.874509,7.80139,3.53379,-3.3259,-1.29709,-1.17961,-4.86048,0.0537764,2.21997,-0.200597,1.18966,2.37283,0.0467231,-1.20858,-1.91412,0,0.257002,-0.573054,1.22156,-8.2571,1.4679,1.14886,48.2901,-15.1568,-5.68673,-23.6639,-13.8257,-0.459512,-6.40794,0.0651545,-21.2103,-0.800756,1.40766,7.46557,-14.3104,-4.37502,-9.16003,-25.5062,7.8313,-0.228036,-9.02143,1.19828,3.76663,-10.8776,0,-9.88412,5.52934,
-5.95874,0,-0.10815,0,-0.096445,0,1.82602,0,0,-0.324569,2.13964,1.42949,0.0151329,5.64379,1.14792,3.35333,-4.10968,1.91276,2.62303,-0.445775,-0.869819,-0.290669,-0.158199,0.181514,0.0901313,-3.2628,-5.05776,-1.35902,2.01689,0.690189,0.515175,-0.161511,0.312068,-0.300224,0.335132,0.419702,-0.248835,-0.345817,-0.768041,0.92563,0,0.50831,4.45118,9.19897,13.3911,-22.0574,-0.0386015,-0.258124,-35.2736,24.8927,-1.04051,0.830854,-0.969192,10.8739,-2.69742,-13.396,0.545054,-1.54931,-6.48926,3.27741,-13.178,-6.7878,7.55174,4.97511,-6.66537,9.35709,-10.7006,-1.83907,4.05055,-9.88412,0,-5.10064,
-2.66826,0,-3.46283,0,3.24654,0,-0.3555,0,0,-0.237455,-0.785722,7.85887,-2.83449,-2.61758,9.19739,-3.08863,-6.51977,-0.239112,3.0065,1.77036,4.60964,-0.323208,1.01272,4.09823,-0.0962456,-11.6307,-9.82468,-5.26041,20.2979,0.922437,-2.10796,5.18591,2.62806,4.93886,-1.49142,1.09887,2.46596,-0.971796,-1.77878,1.6726,0,0.219924,0.488773,11.0115,-9.65047,39.0123,-6.38774,-19.8397,-37.0497,-45.2963,-53.8429,22.8353,-3.7264,-9.03468,13.8621,-2.94854,0.51877,0.091994,12.2875,11.0855,-22.2114,-41.2544,16.7699,2.74766,-4.28059,14.1012,-0.567614,-19.1769,18.8387,5.52934,-5.10064,0,
