0,0,-5.16451,0,-0.278852,0,3.45471,0,0,-1.76845,2.71955,1.3788,1.22819,-5.23065,-4.34593,-1.30606,10.9001,-0.745486,-0.981333,-5.53428,-1.02393,-2.84014,-2.03401,1.20259,0,-1.93174,-5.04174,15.061,-0.28558,-0.447249,3.0053,-1.52984,6.21062,0.171775,-2.54212,-1.9245,3.27768,-2.84172,0.74797,-2.08417,0,0,-1.74927,-13.385,-6.243,6.63633,7.08634,-16.5429,-25.6502,-28.9851,46.9319,-3.05554,20.7764,0.391507,1.84365,-7.52271,-1.33543,3.1143,-29.5884,-16.2574,0.0933406,53.3886,-1.12592,-22.9847,3.05363,-10.8806,-5.60871,0.0119265,14.1266,-5.99387,-5.5364,15.8889,
0,0,0,0,0,0,0,0,0,0,0,0,0,0,0,0,0,0,0,0,0,0,0,0,0,0,0,0,0,0,0,0,0,0,0,0,0,0,0,0,0,0,0,0,0,0,0,0,0,0,0,0,0,0,0,0,0,0,0,0,0,0,0,0,0,0,0,0,0,0,0,0,
-5.16451,0,0,0,-7.48841,0,24.3714,0,0,-0.243376,4.90869,3.81259,13.0511,-14.9797,-19.7904,-0.708533,-0.999112,8.91296,10.0868,-8.00097,-0.28264,-4.09887,-0.44209,-6.80701,0,8.48625,-29.4418,-2.16185,19.8729,2.57313,-11.7895,8.92868,2.94993,8.81993,0.568569,0.0101333,2.29424,1.60607,1.01751,1.24391,0,0,-3.58919,-17.8265,-8.91992,11.7,-43.9614,-8.89785,-24.4584,50.8086,28.5184,-11.9113,-12.7765,-31.1657,-2.15042,16.1765,-0.0744782,-1.7596,6.4985,29.4826,-8.97384,-5.47546,-3.79262,12.8996,44.8408,3.92355,-2.69761,-15.4726,-15.3864,11.0261,-12.6501,-7.71288,
0,0,0,0,0,0,0,0,0,0,0,0,0,0,0,0,0,0,0,0,0,0,0,0,0,0,0,0,0,0,0,0,0,0,0,0,0,0,0,0,0,0,0,0,0,0,0,0,0,0,0,0,0,0,0,0,0,0,0,0,0,0,0,0,0,0,0,0,0,0,0,0,
-0.278852,0,-7.48841,0,0,0,2.29038,0,0,0.12109,-7.51884,0.0576453,-11.1163,-4.04976,8.05789,-1.35549,3.7216,3.42655,-4.16328,-0.196587,1.45037,-1.97516,-2.0652,3.57988,0,-4.06644,-2.43398,0.45084,-7.01837,-2.08032,2.895,8.93477,6.61715,-3.41812,-0.0757884,-1.4449,-2.49508,-0.312444,0.439054,2.662,0,0,-4.26851,-7.94124,-3.64804,-17.2688,30.149,-40.2761,17.1837,5.88644,-0.965938,6.61471,6.4549,-19.3545,-0.961823,27.3835,0.644629,-1.69549,6.37758,3.93902,-25.0553,8.95191,-6.48249,11.218,-16.873,5.39746,10.7471,-13.3648,-6.83376,8.86213,-2.24946,2.53684,
0,0,0,0,0,0,0,0,0,0,0,0,0,0,0,0,0,0,0,0,0,0,0,0,0,0,0,0,0,0,0,0,0,0,0,0,0,0,0,0,0,0,0,0,0,0,0,0,0,0,0,0,0,0,0,0,0,0,0,0,0,0,0,0,0,0,0,0,0,0,0,0,
3.45471,0,24.3714,0,2.29038,0,0,0,0,-0.750986,-4.43146,16.9135,26.5459,-12.4914,23.2781,13.215,-6.02607,1.87008,-0.33725,2.3913,-0.904132,0.75513,-1.1099,-4.45342,0,2.81868,19.6704,-11.5991,37.8457,38.4192,-6.15586,14.7928,-1.23734,4.07624,-2.78527,0.526791,-3.07738,0.971208,-1.32137,0.258646,0,0,-2.65862,-20.8318,31.0282,-24.0599,0.944596,-5.8338,-44.3127,-71.1314,-21.4344,44.8517,8.91044,-10.056,0.581543,-1.33499,0.753441,-0.819918,2.9974,41.798,-8.91947,53.7533,-22.3956,4.92613,33.7567,8.68934,-10.9189,-10.3836,-13.7149,-11.9394,4.5739,3.17718,
0,0,0,0,0,0,0,0,0,0,0,0,0,0,0,0,0,0,0,0,0,0,0,0,0,0,0,0,0,0,0,0,0,0,0,0,0,0,0,0,0,0,0,0,0,0,0,0,0,0,0,0,0,0,0,0,0,0,0,0,0,0,0,0,0,0,0,0,0,0,0,0,
0,0,0,0,0,0,0,0,0,0,0,0,0,0,0,0,0,0,0,0,0,0,0,0,0,0,0,0,0,0,0,0,0,0,0,0,0,0,0,0,0,0,0,0,0,0,0,0,0,0,0,0,0,0,0,0,0,0,0,0,0,0,0,0,0,0,0,0,0,0,0,0,
-1.76845,0,-0.243376,0,0.12109,0,-0.750986,0,0,0,-1.42889,1.66467,-3.61205,0.056482,0.656508,4.08156,-1.76031,1.65975,2.03396,-0.834225,-0.637045,1.04419,0.12171,-0.147134,0,-2.222,2.28367,-0.878259,1.15648,1.01567,-1.66171,1.65346,0.388663,1.66893,0.753432,-0.332027,0.230947,-0.0567897,-0.061065,-1.16997,0,0,-1.87692,-2.48424,-1.16249,3.92656,13.1972,4.99035,5.53859,11.7069,-2.12512,8.12809,5.54818,-1.32282,8.08379,5.8981,0.113796,0.616374,-7.25326,-2.46498,5.48571,-3.16553,7.02682,4.13421,1.85827,-3.18947,5.02649,2.91175,2.15707,-1.07058,1.8545,-0.614302,
2.71955,0,4.90869,0,-7.51884,0,-4.43146,0,0,-1.42889,0,-3.11006,-9.12571,1.98309,-7.01033,-4.9541,6.48345,0.60761,-10.4668,-0.0788688,-2.26733,0.904742,-3.56151,-2.33428,0,0.346243,8.1997,17.1583,-6.15217,-14.569,-5.89275,-4.79533,-5.50033,2.7063,6.39319,1.32754,-1.1701,-1.54693,0.174903,-4.23686,0,0,4.88182,0.292413,23.8668,39.3129,-3.2527,56.8033,9.23543,-39.5774,-2.11725,-33.4411,36.0579,-1.25191,7.5732,-24.0529,1.12142,2.40832,-12.503,14.1752,-14.824,51.1191,-1.41574,21.6515,13.5204,-0.112258,-21.0284,-13.0961,10.6112,5.53123,9.16734,-6.72179,
1.3788,0,3.81259,0,0.0576453,0,16.9135,0,0,1.66467,-3.11006,0,5.03478,-19.8516,-15.7306,-24.9019,-31.806,-0.657495,0.95888,2.1375,-2.74457,0.178592,-11.3373,-5.05516,0,4.94323,15.0753,30.461,30.2441,-2.34697,-11.3325,10.7525,-12.1271,-6.78887,9.39701,2.65825,-1.93904,-1.41253,3.4611,-3.91857,0,0,-1.84517,13.5593,23.5629,12.7164,20.5594,58.0399,63.5928,-46.1394,42.1282,-28.8112,57.3483,-29.9896,8.78914,45.9007,-0.432461,0.595196,29.4935,-48.1348,18.053,-24.4983,-45.7351,7.16096,-1.42768,18.4567,-29.0244,-32.7727,5.00989,-14.5054,-12.6452,-19.9865,
1.22819,0,13.0511,0,-11.1163,0,26.5459,0,0,-3.61205,-9.12571,5.03478,0,-22.7979,2.84877,34.2719,-5.49613,-26.6218,-20.3555,-9.18435,-0.104547,10.7308,6.44456,-2.54166,0,-6.81381,20.064,25.5278,26.31,5.12624,-10.8394,1.26236,-10.896,-4.89411,-6.28173,-2.10364,2.60008,-2.96337,-1.11535,0.314781,0,0,13.205,-40.4365,-64.5603,-1.12905,38.0377,-71.4852,65.4819,32.6303,-15.1006,-34.054,-7.29204,21.5726,-2.20861,-0.418259,0.113099,-1.95744,-35.9038,110.211,-110.358,-29.0068,-100.991,-11.6047,-44.1447,-28.9978,0.475709,-21.566,-27.3693,-29.5966,2.32314,9.18589,
-5.23065,0,-14.9797,0,-4.04976,0,-12.4914,0,0,0.056482,1.98309,-19.8516,-22.7979,0,9.53772,-23.876,3.54963,9.64562,-9.8492,7.97354,0.153099,-2.28397,-10.6528,-8.1,0,4.08815,-38.5653,3.56825,-13.4786,-0.452667,0.590392,-10.7307,-7.22954,-2.11505,9.35608,0.480434,1.48002,6.74641,-1.68033,-2.60479,0,0,-22.3909,-49.3791,-41.8151,-46.2448,-99.1088,-1.63411,-28.3811,63.3222,13.8689,-16.9317,21.4908,-6.36501,18.7114,6.65099,-0.866885,-0.693142,10.8444,-75.1296,34.6076,53.7288,-16.7942,-9.37684,-45.8496,7.20388,10.3735,25.4905,21.0275,31.848,9.37401,29.2656,
-4.34593,0,-19.7904,0,8.05789,0,23.2781,0,0,0.656508,-7.01033,-15.7306,2.84877,9.53772,0,-2.31024,8.75314,3.74572,-11.5281,-8.52836,-7.3011,2.2249,5.52496,-7.46741,0,-23.3371,-13.9195,-16.1378,12.0317,7.30043,43.154,3.46015,-2.50899,4.48653,2.16861,-1.63439,-5.32708,-3.98485,-3.02814,0.961711,0,0,-11.8068,-26.7522,-26.6104,-62.8364,-81.0054,59.9972,13.3645,-7.72106,-22.1007,1.12216,3.4742,62.6873,19.9329,17.1174,-0.696343,-1.44407,-0.548306,-2.30022,-31.2318,9.32789,64.5905,40.0939,-21.6475,-40.7002,-1.55209,6.42302,-6.88598,3.63859,9.71795,18.06,
-1.30606,0,-0.708533,0,-1.35549,0,13.215,0,0,4.08156,-4.9541,-24.9019,34.2719,-23.876,-2.31024,0,9.38544,0.083368,6.62627,-9.98898,7.49031,1.00993,-2.02303,-0.395497,0,11.18,37.1041,-28.1103,42.3629,17.0162,-17.8887,12.1944,-1.67344,-5.19547,-1.76733,-2.71146,3.94338,3.46987,-0.103529,3.10291,0,0,-0.82993,3.5456,-29.5887,15.5064,-21.1654,-71.4964,57.0656,-36.2028,3.26446,60.1139,-36.7543,1.00912,18.2092,-37.9527,1.20148,-4.02642,-35.7137,-12.6833,-6.92881,81.2134,-29.671,0.959265,-9.43101,-25.4741,27.939,48.5527,30.4988,-2.07301,-0.111291,10.6621,
10.9001,0,-0.999112,0,3.7216,0,-6.02607,0,0,-1.76031,6.48345,-31.806,-5.49613,3.54963,8.75314,9.38544,0,5.38063,5.1661,-9.42482,-2.73486,-3.88026,1.1954,-2.55153,0,2.57068,-14.1045,-2.88474,-15.8549,7.56971,10.982,-8.34408,1.48637,-2.63157,0.397512,1.0345,-1.73395,-1.43938,1.76623,4.67265,0,0,2.81687,-1.24895,-34.229,-52.5928,-19.1428,-9.04178,25.5725,-48.3066,14.6828,-17.1375,0.758301,35.1336,1.49902,-32.8842,-2.52554,0.897221,9.89088,13.38,25.1124,2.31236,28.4754,-7.55822,-19.7214,-29.1432,5.57303,-29.1975,36.0811,-5.71077,-3.28644,-6.37908,
-0.745486,0,8.91296,0,3.42655,0,1.87008,0,0,1.65975,0.60761,-0.657495,-26.6218,9.64562,3.74572,0.083368,5.38063,0,3.41157,-4.15693,5.1426,0.896382,-3.93945,1.81992,0,1.9189,9.09774,10.5484,8.99602,-9.58422,14.7234,1.39717,0.427847,-0.0703585,-1.03226,-5.69183,0.508512,-1.80173,0.250726,1.43366,0,0,-5.5372,-12.9952,-14.4887,16.5804,3.21686,-21.3549,-17.5417,23.4328,9.77087,-1.24053,-6.26822,-17.3642,-15.8963,12.2936,-0.872613,-1.76226,-19.4702,-26.1181,37.2963,-24.3451,34.9271,-26.6419,16.8907,-7.10083,-9.70459,-25.5605,-13.6215,-8.24146,-7.07383,1.76934,
-0.981333,0,10.0868,0,-4.16328,0,-0.33725,0,0,2.03396,-10.4668,0.95888,-20.3555,-9.8492,-11.5281,6.62627,5.1661,3.41157,0,-1.75189,5.12807,-5.71019,-1.79093,1.58719,0,5.92524,-15.5704,18.1091,-8.16767,7.06701,-0.0961651,-3.26143,-7.02127,4.35502,2.4094,1.05006,-1.62972,1.88401,1.29782,-1.13414,0,0,-4.01514,-4.84214,-7.85612,-4.51581,2.71857,25.9644,29.8023,-23.3988,-2.96024,6.05142,2.89655,1.23966,8.659,11.7533,-0.649482,-2.61721,0.450573,24.9885,17.6597,5.04016,3.78133,1.3834,-21.6078,-13.1736,-1.0256,1.51898,9.76839,-2.86703,-1.01981,16.229,
-5.53428,0,-8.00097,0,-0.196587,0,2.3913,0,0,-0.834225,-0.0788688,2.1375,-9.18435,7.97354,-8.52836,-9.98898,-9.42482,-4.15693,-1.75189,0,-0.117501,-2.75636,-2.0199,4.40863,0,-4.9313,-1.17494,-15.6649,-8.49386,1.42286,-5.87527,0.386378,-2.7901,1.03434,-3.12355,-2.16018,3.55238,0.44026,-0.180709,-1.11502,0,0,5.67769,18.9395,-13.6889,13.8242,-4.67087,-15.0756,-11.7749,1.54016,-2.89721,12.2146,10.8319,7.45599,5.49316,-9.28325,0.166691,1.21349,1.80537,-30.6345,-35.2493,-0.362739,-2.06734,27.9252,-12.5189,16.9639,-2.06343,-2.59703,-13.4328,-11.7698,-0.644264,-0.573894,
-1.02393,0,-0.28264,0,1.45037,0,-0.904132,0,0,-0.637045,-2.26733,-2.74457,-0.104547,0.153099,-7.3011,7.49031,-2.73486,5.1426,5.12807,-0.117501,0,1.57192,1.12879,0.392341,0,0.728401,-0.821555,-2.03309,-9.10803,1.90341,1.72395,1.55036,1.27753,0.605669,-0.146768,0.175275,-1.03444,-0.217292,-0.244117,-1.94448,0,0,-2.72501,5.74184,4.27717,7.8627,-18.8296,-23.5757,-5.67065,1.35188,4.01128,-0.494858,-4.99908,-14.5042,-10.0066,8.28512,0.610039,-0.533672,5.64508,17.84,10.3228,3.45453,-7.93781,-9.91398,-1.18493,14.3438,-8.93907,6.93139,-3.38947,-9.30719,-2.12276,3.04464,
-2.84014,0,-4.09887,0,-1.97516,0,0.75513,0,0,1.04419,0.904742,0.178592,10.7308,-2.28397,2.2249,1.00993,-3.88026,0.896382,-5.71019,-2.75636,1.57192,0,3.36111,-1.93254,0,-2.44491,17.9682,-6.22955,2.91144,0.114057,1.51937,4.95867,-4.03002,1.20526,0.643436,1.16489,-0.616592,-0.639883,-0.0975849,-1.30405,0,0,-1.48473,3.96127,1.22077,21.7813,10.8823,1.38962,3.33599,12.7387,15.7946,-5.67876,-7.06829,-12.3685,-5.56776,-3.86579,0.175853,-0.321097,-3.77329,-10.8023,-19.1838,5.68573,-7.46633,-9.84953,9.98662,12.0315,-12.142,-9.13733,-2.26732,-18.6573,-0.134545,2.40625,
-2.03401,0,-0.44209,0,-2.0652,0,-1.1099,0,0,0.12171,-3.56151,-11.3373,6.44456,-10.6528,5.52496,-2.02303,1.1954,-3.93945,-1.79093,-2.0199,1.12879,3.36111,0,-0.698338,0,0.68557,0.0749163,-5.28589,-3.85641,5.33152,3.31392,2.39345,0.801843,0.148553,-0.777774,-0.728642,-1.22766,0.308013,0.925755,-0.530086,0,0,1.23835,-8.39651,-1.9213,-18.6489,9.91921,7.69481,4.09258,11.5652,1.48355,-12.1784,1.40964,-3.41352,-4.48835,-10.9572,0.248639,0.0306245,-3.34939,11.3862,3.94705,-4.90922,-3.53401,11.6505,15.6819,11.2082,-6.62882,4.43205,-2.4587,-0.105708,1.67194,-1.06989,
1.20259,0,-6.80701,0,3.57988,0,-4.45342,0,0,-0.147134,-2.33428,-5.05516,-2.54166,-8.1,-7.46741,-0.395497,-2.55153,1.81992,1.58719,4.40863,0.392341,-1.93254,-0.698338,0,0,-1.97358,12.1942,-14.0392,-19.2684,2.17848,9.87424,3.18032,-1.71406,0.745125,-1.24803,-0.706833,0.673805,0.569421,-0.30704,1.1008,0,0,1.19832,1.75763,-6.26991,7.48051,19.1016,-14.729,36.1995,-12.1641,-15.5955,-3.88665,-12.5579,8.78323,5.61429,0.401124,-1.34671,0.270861,3.63022,18.0132,-11.4107,-11.0027,6.28264,-7.86727,9.89659,-0.114974,3.69302,-2.0738,2.00549,-0.849664,7.63262,-4.65703,
0,0,0,0,0,0,0,0,0,0,0,0,0,0,0,0,0,0,0,0,0,0,0,0,0,0,0,0,0,0,0,0,0,0,0,0,0,0,0,0,0,0,0,0,0,0,0,0,0,0,0,0,0,0,0,0,0,0,0,0,0,0,0,0,0,0,0,0,0,0,0,0,
-1.93174,0,8.48625,0,-4.06644,0,2.81868,0,0,-2.222,0.346243,4.94323,-6.81381,4.08815,-23.3371,11.18,2.57068,1.9189,5.92524,-4.9313,0.728401,-2.44491,0.68557,-1.97358,0,0,0.726816,4.48156,-12.9352,11.9119,-8.14192,-5.35515,1.32994,-5.00045,2.88347,-1.48575,0.429185,-0.40469,0.314874,3.05628,0,0,-0.868468,52.4309,-24.5309,-40.3499,-14.5293,-59.1586,-53.6804,-22.8429,15.6182,10.7934,11.4025,1.35684,4.7675,-2.64807,0.210729,3.06668,17.081,-11.472,-2.07976,0.521746,-28.5989,2.88824,12.0744,5.71835,1.45484,-15.8659,4.62668,-3.66304,3.32879,-10.1076,
-5.04174,0,-29.4418,0,-2.43398,0,19.6704,0,0,2.28367,8.1997,15.0753,20.064,-38.5653,-13.9195,37.1041,-14.1045,9.09774,-15.5704,-1.17494,-0.821555,17.9682,0.0749163,12.1942,0,0.726816,0,-10.2748,-17.1789,-35.1177,13.3593,25.1561,8.52168,-5.4749,11.5113,2.98633,-4.77,7.59407,2.97215,3.08169,0,0,-10.5775,20.5824,78.7603,14.3229,-71.4441,50.3883,18.1415,23.8284,-114.399,-22.8278,22.0679,14.1593,18.1606,-13.2111,3.19723,0.674741,-7.90564,-11.9496,-15.0278,-41.3029,48.2346,35.6312,27.0798,-0.390511,4.74884,-9.41512,-4.483,19.3645,-0.113571,-34.173,
15.061,0,-2.16185,0,0.45084,0,-11.5991,0,0,-0.878259,17.1583,30.461,25.5278,3.56825,-16.1378,-28.1103,-2.88474,10.5484,18.1091,-15.6649,-2.03309,-6.22955,-5.28589,-14.0392,0,4.48156,-10.2748,0,-4.08252,6.37792,-12.7689,-23.1815,-8.23258,1.23491,7.52733,-4.0205,-1.36734,0.884769,-5.66897,-0.847484,0,0,-13.8886,61.1844,12.9582,-38.0062,-20.5379,-79.2124,-93.0768,1.07587,76.1206,53.0155,-25.9418,12.6078,17.1833,47.2774,-3.11472,1.25015,5.81856,-80.6825,-86.1507,-2.03296,-42.8016,-37.3095,68.0109,7.31566,11.9077,-62.8558,26.9417,-50.5342,0.180539,42.8485,
-0.28558,0,19.8729,0,-7.01837,0,37.8457,0,0,1.15648,-6.15217,30.2441,26.31,-13.4786,12.0317,42.3629,-15.8549,8.99602,-8.16767,-8.49386,-9.10803,2.91144,-3.85641,-19.2684,0,-12.9352,-17.1789,-4.08252,0,3.72362,-6.53201,13.2343,-9.60849,3.56736,-2.02917,3.76225,-2.06562,-1.1977,3.78727,3.17483,0,0,-1.3432,5.41016,59.3252,34.5184,-88.6896,-34.4849,25.3811,49.0179,30.2295,30.8162,19.0167,-31.8367,22.4102,-4.97817,0.236168,5.81905,-12.3593,14.918,34.2434,28.747,-17.0275,-15.0921,3.0629,-5.53461,-36.411,-1.42799,-17.1067,-12.4504,-1.83095,-13.6023,
-0.447249,0,2.57313,0,-2.08032,0,38.4192,0,0,1.01567,-14.569,-2.34697,5.12624,-0.452667,7.30043,17.0162,7.56971,-9.58422,7.06701,1.42286,1.90341,0.114057,5.33152,2.17848,0,11.9119,-35.1177,6.37792,3.72362,0,19.5598,-5.88297,7.93246,8.16846,0.536363,1.53234,3.45735,1.21589,0.324484,0.36481,0,0,-1.43961,-10.2375,10.5544,64.6362,44.6474,30.0015,-6.40193,-93.441,-56.4778,56.1762,-24.8182,-4.38994,1.9615,-32.484,-0.548255,4.89197,8.47948,83.5406,-52.7427,70.3373,31.8667,32.9582,-8.25402,-4.42,-48.2954,-15.7689,-3.62981,18.3037,5.67086,21.5209,
3.0053,0,-11.7895,0,2.895,0,-6.15586,0,0,-1.66171,-5.89275,-11.3325,-10.8394,0.590392,43.154,-17.8887,10.982,14.7234,-0.0961651,-5.87527,1.72395,1.51937,3.31392,9.87424,0,-8.14192,13.3593,-12.7689,-6.53201,19.5598,0,6.07283,-4.36017,8.67769,1.48094,6.17154,-5.06699,-2.143,-0.431479,-1.62652,0,0,-0.684758,18.6539,5.88115,34.3958,-16.9795,51.866,-27.483,13.3857,-19.2428,20.228,5.95156,3.45684,-14.601,27.1647,1.4638,5.08108,34.7728,20.8903,-1.55643,-10.2503,72.2641,6.41911,-36.6941,25.6317,-35.8564,-4.66902,10.4029,-5.9988,24.2386,-9.32385,
-1.52984,0,8.92868,0,8.93477,0,14.7928,0,0,1.65346,-4.79533,10.7525,1.26236,-10.7307,3.46015,12.1944,-8.34408,1.39717,-3.26143,0.386378,1.55036,4.95867,2.39345,3.18032,0,-5.35515,25.1561,-23.1815,13.2343,-5.88297,6.07283,0,-3.84941,-2.72699,-4.90959,-2.2961,0.722262,0.478319,0.357649,0.41941,0,0,0.926156,8.86022,-41.6165,34.8121,42.8077,44.555,5.33859,13.3539,-3.27919,31.6349,-12.5314,15.2472,8.89431,2.94079,1.75925,-2.72495,2.68392,-14.6126,32.5725,-36.6714,-26.873,-0.816119,23.8926,-12.5507,9.60123,-7.70485,-19.0768,-4.73532,7.57896,-6.59475,
6.21062,0,2.94993,0,6.61715,0,-1.23734,0,0,0.388663,-5.50033,-12.1271,-10.896,-7.22954,-2.50899,-1.67344,1.48637,0.427847,-7.02127,-2.7901,1.27753,-4.03002,0.801843,-1.71406,0,1.32994,8.52168,-8.23258,-9.60849,7.93246,-4.36017,-3.84941,0,2.53732,4.17024,-0.191726,1.11213,2.97742,-0.0253901,1.68448,0,0,5.19533,7.72356,7.23927,-6.67333,-10.8412,-4.95176,-64.7942,-5.04731,-4.67216,-0.0696609,-2.88833,19.0117,1.21444,1.36233,-0.0842235,3.94301,14.2522,-6.47814,2.49401,-7.00434,-16.2454,24.7552,12.2908,-9.93574,-14.0847,-25.9984,-16.1192,0.106285,-10.5185,-8.62313,
0.171775,0,8.81993,0,-3.41812,0,4.07624,0,0,1.66893,2.7063,-6.78887,-4.89411,-2.11505,4.48653,-5.19547,-2.63157,-0.0703585,4.35502,1.03434,0.605669,1.20526,0.148553,0.745125,0,-5.00045,-5.4749,1.23491,3.56736,8.16846,8.67769,-2.72699,2.53732,0,-1.39811,0.998576,0.530545,0.56943,0.430592,-0.539746,0,0,-0.85574,-16.2679,-13.9585,5.5054,22.8139,16.7817,12.0282,12.2809,-18.5908,-14.0439,1.29974,-14.002,-5.1941,2.04428,-0.201378,0.627699,-15.6825,1.97415,9.25154,-3.82176,-18.8369,14.5692,11.4766,0.238753,2.20184,-2.9599,2.01913,-8.6795,4.64126,5.04707,
-2.54212,0,0.568569,0,-0.0757884,0,-2.78527,0,0,0.753432,6.39319,9.39701,-6.28173,9.35608,2.16861,-1.76733,0.397512,-1.03226,2.4094,-3.12355,-0.146768,0.643436,-0.777774,-1.24803,0,2.88347,11.5113,7.52733,-2.02917,0.536363,1.48094,-4.90959,4.17024,-1.39811,0,0.524927,-2.65149,-0.826496,0.955903,-0.0148272,0,0,-0.0212994,5.56888,33.7083,-8.42143,-2.6241,-11.9116,-5.2183,3.30017,-5.03355,16.1438,-12.0151,-6.40242,9.62389,17.2789,-0.491058,1.00289,7.33027,-9.31117,11.0403,-5.97732,10.3458,13.1661,-12.2414,2.61692,-3.38327,-8.49535,4.39625,-4.47569,4.12227,3.34762,
-1.9245,0,0.0101333,0,-1.4449,0,0.526791,0,0,-0.332027,1.32754,2.65825,-2.10364,0.480434,-1.63439,-2.71146,1.0345,-5.69183,1.05006,-2.16018,0.175275,1.16489,-0.728642,-0.706833,0,-1.48575,2.98633,-4.0205,3.76225,1.53234,6.17154,-2.2961,-0.191726,0.998576,0.524927,0,-0.606795,-0.180876,0.195703,-1.49267,0,0,0.934716,-3.56793,1.20711,-1.34048,-20.0047,9.42626,4.28682,5.38518,-4.8013,-29.1294,-1.58221,7.07061,7.87368,0.757011,0.502923,-0.317076,-1.99625,9.13368,-3.62782,-5.60147,-22.1711,-5.63247,-11.9756,-0.324769,-7.22074,-3.78805,3.28028,-1.4433,-3.38482,0.268015,
3.27768,0,2.29424,0,-2.49508,0,-3.07738,0,0,0.230947,-1.1701,-1.93904,2.60008,1.48002,-5.32708,3.94338,-1.73395,0.508512,-1.62972,3.55238,-1.03444,-0.616592,-1.22766,0.673805,0,0.429185,-4.77,-1.36734,-2.06562,3.45735,-5.06699,0.722262,1.11213,0.530545,-2.65149,-0.606795,0,0.28969,0.362789,0.628564,0,0,0.563295,-0.600109,-7.47419,0.688797,-11.1364,-3.27803,4.28998,6.97025,3.3312,-5.59478,1.03222,3.66799,-0.228584,1.00493,0.0512796,1.15762,-2.41503,21.0862,-5.68257,-1.37573,-4.78787,8.19787,1.60875,8.19373,1.45153,4.4649,-8.03749,4.43504,-2.58291,6.64649,
-2.84172,0,1.60607,0,-0.312444,0,0.971208,0,0,-0.0567897,-1.54693,-1.41253,-2.96337,6.74641,-3.98485,3.46987,-1.43938,-1.80173,1.88401,0.44026,-0.217292,-0.639883,0.308013,0.569421,0,-0.40469,7.59407,0.884769,-1.1977,1.21589,-2.143,0.478319,2.97742,0.56943,-0.826496,-0.180876,0.28969,0,0.763334,1.49621,0,0,-1.48471,1.64078,7.12047,3.4229,-13.2407,3.55563,8.99302,-2.062,0.678284,2.34111,-7.66615,-1.98345,3.23476,-0.0469939,-0.111076,0.168401,4.42442,6.49357,-0.606032,-1.10144,0.967655,3.3104,6.95193,5.01865,-0.216916,-1.8387,0.131689,-0.663146,-1.67397,1.81999,
0.74797,0,1.01751,0,0.439054,0,-1.32137,0,0,-0.061065,0.174903,3.4611,-1.11535,-1.68033,-3.02814,-0.103529,1.76623,0.250726,1.29782,-0.180709,-0.244117,-0.0975849,0.925755,-0.30704,0,0.314874,2.97215,-5.66897,3.78727,0.324484,-0.431479,0.357649,-0.0253901,0.430592,0.955903,0.195703,0.362789,0.763334,0,1.20004,0,0,0.756477,-1.1584,2.29285,1.35809,-5.21654,1.27112,12.0997,-6.88569,-6.43119,-7.45229,-11.7183,2.69307,-0.368195,-2.16803,0.0110436,0.359321,2.34408,-3.11115,-0.573348,-2.3804,-8.49117,9.35114,5.07382,4.53671,-2.0008,-4.95817,0.00986605,-2.10157,-2.73456,-2.00782,
-2.08417,0,1.24391,0,2.662,0,0.258646,0,0,-1.16997,-4.23686,-3.91857,0.314781,-2.60479,0.961711,3.10291,4.67265,1.43366,-1.13414,-1.11502,-1.94448,-1.30405,-0.530086,1.1008,0,3.05628,3.08169,-0.847484,3.17483,0.36481,-1.62652,0.41941,1.68448,-0.539746,-0.0148272,-1.49267,0.628564,1.49621,1.20004,0,0,0,1.88327,-3.07823,-3.03296,3.98423,-12.286,-5.56756,18.1095,11.807,-4.37122,7.95822,-11.1969,8.17417,4.01336,-4.09409,0.0279244,2.19694,-0.527842,-7.52628,-4.19574,-8.28371,2.50552,-7.72277,-8.45345,2.72265,3.46068,-3.86063,5.75388,0.591223,2.56535,-6.81614,
0,0,0,0,0,0,0,0,0,0,0,0,0,0,0,0,0,0,0,0,0,0,0,0,0,0,0,0,0,0,0,0,0,0,0,0,0,0,0,0,0,0,0,0,0,0,0,0,0,0,0,0,0,0,0,0,0,0,0,0,0,0,0,0,0,0,0,0,0,0,0,0,
0,0,0,0,0,0,0,0,0,0,0,0,0,0,0,0,0,0,0,0,0,0,0,0,0,0,0,0,0,0,0,0,0,0,0,0,0,0,0,0,0,0,0,0,0,0,0,0,0,0,0,0,0,0,0,0,0,0,0,0,0,0,0,0,0,0,0,0,0,0,0,0,
-1.74927,0,-3.58919,0,-4.26851,0,-2.65862,0,0,-1.87692,4.88182,-1.84517,13.205,-22.3909,-11.8068,-0.82993,2.81687,-5.5372,-4.01514,5.67769,-2.72501,-1.48473,1.23835,1.19832,0,-0.868468,-10.5775,-13.8886,-1.3432,-1.43961,-0.684758,0.926156,5.19533,-0.85574,-0.0212994,0.934716,0.563295,-1.48471,0.756477,1.88327,0,0,0,0.985488,51.4155,24.2079,31.3334,-16.7258,-29.9672,-1.00657,-2.35825,-16.7512,0.975117,9.02486,-19.2474,11.5704,-0.135948,1.21249,-14.0854,-3.40426,-14.7354,-25.7809,-52.5463,3.97192,12.0053,-20.2983,-0.648284,-10.2546,2.31814,-7.7655,-2.78664,4.14203,
-13.385,0,-17.8265,0,-7.94124,0,-20.8318,0,0,-2.48424,0.292413,13.5593,-40.4365,-49.3791,-26.7522,3.5456,-1.24895,-12.9952,-4.84214,18.9395,5.74184,3.96127,-8.39651,1.75763,0,52.4309,20.5824,61.1844,5.41016,-10.2375,18.6539,8.86022,7.72356,-16.2679,5.56888,-3.56793,-0.600109,1.64078,-1.1584,-3.07823,0,0,0.985488,0,67.8857,15.5287,-24.4696,44.8023,-124.968,-14.9097,-55.6705,111.963,-15.4656,-6.95562,-0.867755,65.8248,3.36266,-0.405628,40.5105,-49.7026,18.8923,-95.2761,-30.5579,-65.6675,95.3501,25.2338,30.4793,26.7413,-24.0674,-38.6263,11.6937,-52.9211,
-6.243,0,-8.91992,0,-3.64804,0,31.0282,0,0,-1.16249,23.8668,23.5629,-64.5603,-41.8151,-26.6104,-29.5887,-34.229,-14.4887,-7.85612,-13.6889,4.27717,1.22077,-1.9213,-6.26991,0,-24.5309,78.7603,12.9582,59.3252,10.5544,5.88115,-41.6165,7.23927,-13.9585,33.7083,1.20711,-7.47419,7.12047,2.29285,-3.03296,0,0,51.4155,67.8857,0,-170.971,125.845,198.05,68.1675,97.5167,-134.241,-32.1727,3.83026,-1.74635,67.1001,108.35,4.64148,7.612,39.4541,-122.05,6.07153,103.172,85.779,-85.0907,-30.2679,89.9129,-131.224,-16.9231,47.4321,6.69841,-60.2891,1.56938,
6.63633,0,11.7,0,-17.2688,0,-24.0599,0,0,3.92656,39.3129,12.7164,-1.12905,-46.2448,-62.8364,15.5064,-52.5928,16.5804,-4.51581,13.8242,7.8627,21.7813,-18.6489,7.48051,0,-40.3499,14.3229,-38.0062,34.5184,64.6362,34.3958,34.8121,-6.67333,5.5054,-8.42143,-1.34048,0.688797,3.4229,1.35809,3.98423,0,0,24.2079,15.5287,-170.971,0,145.258,252.806,40.6129,104.174,15.2791,101.711,0.950566,-55.4866,-8.41136,-114.152,2.10376,-6.16483,-67.8175,-22.7313,-218.1,57.0411,-84.1451,4.42774,202.227,-30.529,-50.6797,61.3582,7.02281,26.96,-13.486,-89.3205,
7.08634,0,-43.9614,0,30.149,0,0.944596,0,0,13.1972,-3.2527,20.5594,38.0377,-99.1088,-81.0054,-21.1654,-19.1428,3.21686,2.71857,-4.67087,-18.8296,10.8823,9.91921,19.1016,0,-14.5293,-71.4441,-20.5379,-88.6896,44.6474,-16.9795,42.8077,-10.8412,22.8139,-2.6241,-20.0047,-11.1364,-13.2407,-5.21654,-12.286,0,0,31.3334,-24.4696,125.845,145.258,0,-365.069,-91.8595,-34.67,114.215,-107.076,-62.0341,-148.772,-4.22039,-75.9311,0.88474,-15.2817,39.551,116.904,-180.903,194.919,-94.602,-94.8478,43.3273,119.41,16.9129,-79.2923,39.9282,45.433,0.281589,49.0032,
-16.5429,0,-8.89785,0,-40.2761,0,-5.8338,0,0,4.99035,56.8033,58.0399,-71.4852,-1.63411,59.9972,-71.4964,-9.04178,-21.3549,25.9644,-15.0756,-23.5757,1.38962,7.69481,-14.729,0,-59.1586,50.3883,-79.2124,-34.4849,30.0015,51.866,44.555,-4.95176,16.7817,-11.9116,9.42626,-3.27803,3.55563,1.27112,-5.56756,0,0,-16.7258,44.8023,198.05,252.806,-365.069,0,46.9931,44.9286,-78.7726,-27.4483,-57.7226,87.6681,-63.2692,66.0667,4.16466,3.63374,-79.5599,37.4363,91.2057,-109.894,256.7,21.5274,-15.3813,-42.8014,-156.892,14.048,-106.545,70.6825,9.37401,16.46,
-25.6502,0,-24.4584,0,17.1837,0,-44.3127,0,0,5.53859,9.23543,63.5928,65.4819,-28.3811,13.3645,57.0656,25.5725,-17.5417,29.8023,-11.7749,-5.67065,3.33599,4.09258,36.1995,0,-53.6804,18.1415,-93.0768,25.3811,-6.40193,-27.483,5.33859,-64.7942,12.0282,-5.2183,4.28682,4.28998,8.99302,12.0997,18.1095,0,0,-29.9672,-124.968,68.1675,40.6129,-91.8595,46.9931,0,-38.2333,107.986,51.1799,-69.2004,-54.1544,74.1451,24.4703,-7.399,-10.9244,23.1557,-136.227,-17.7164,-47.9296,225.608,-176.768,-104.784,71.4479,46.2749,38.5454,-5.18139,98.8853,2.9428,-11.0139,
-28.9851,0,50.8086,0,5.88644,0,-71.1314,0,0,11.7069,-39.5774,-46.1394,32.6303,63.3222,-7.72106,-36.2028,-48.3066,23.4328,-23.3988,1.54016,1.35188,12.7387,11.5652,-12.1641,0,-22.8429,23.8284,1.07587,49.0179,-93.441,13.3857,13.3539,-5.04731,12.2809,3.30017,5.38518,6.97025,-2.062,-6.88569,11.807,0,0,-1.00657,-14.9097,97.5167,104.174,-34.67,44.9286,-38.2333,0,203.609,37.7634,-81.5075,79.5763,31.5809,102.963,3.55797,-4.03357,-40.3893,-48.5185,121.49,-96.517,96.9027,93.1296,24.0367,8.04524,-21.1668,8.69838,-69.8754,-17.8872,-24.4466,0.173107,
46.9319,0,28.5184,0,-0.965938,0,-21.4344,0,0,-2.12512,-2.11725,42.1282,-15.1006,13.8689,-22.1007,3.26446,14.6828,9.77087,-2.96024,-2.89721,4.01128,15.7946,1.48355,-15.5955,0,15.6182,-114.399,76.1206,30.2295,-56.4778,-19.2428,-3.27919,-4.67216,-18.5908,-5.03355,-4.8013,3.3312,0.678284,-6.43119,-4.37122,0,0,-2.35825,-55.6705,-134.241,15.2791,114.215,-78.7726,107.986,203.609,0,58.2032,-48.3583,-24.1116,-1.3314,-73.4526,-4.89383,0.138824,73.0113,-15.459,-41.5266,-42.409,-53.7336,-74.268,185.724,-33.2228,-45.3657,21.5524,42.257,-8.90767,11.9428,59.4916,
-3.05554,0,-11.9113,0,6.61471,0,44.8517,0,0,8.12809,-33.4411,-28.8112,-34.054,-16.9317,1.12216,60.1139,-17.1375,-1.24053,6.05142,12.2146,-0.494858,-5.67876,-12.1784,-3.88665,0,10.7934,-22.8278,53.0155,30.8162,56.1762,20.228,31.6349,-0.0696609,-14.0439,16.1438,-29.1294,-5.59478,2.34111,-7.45229,7.95822,0,0,-16.7512,111.963,-32.1727,101.711,-107.076,-27.4483,51.1799,37.7634,58.2032,0,5.09391,31.757,-5.0711,9.45056,-1.38859,3.05167,-89.1435,-40.3046,75.4797,45.8925,30.2203,7.7951,-93.8903,-28.1874,-62.737,-7.0366,16.9066,38.5845,42.551,8.75962,
20.7764,0,-12.7765,0,6.4549,0,8.91044,0,0,5.54818,36.0579,57.3483,-7.29204,21.4908,3.4742,-36.7543,0.758301,-6.26822,2.89655,10.8319,-4.99908,-7.06829,1.40964,-12.5579,0,11.4025,22.0679,-25.9418,19.0167,-24.8182,5.95156,-12.5314,-2.88833,1.29974,-12.0151,-1.58221,1.03222,-7.66615,-11.7183,-11.1969,0,0,0.975117,-15.4656,3.83026,0.950566,-62.0341,-57.7226,-69.2004,-81.5075,-48.3583,5.09391,0,77.7479,14.4978,0.630324,0.627819,-1.79642,-57.0669,17.4656,13.855,39.3468,-82.253,-45.2035,-35.4287,31.8123,49.0441,-11.1606,-32.7004,2.98903,6.9883,-30.7082,
0.391507,0,-31.1657,0,-19.3545,0,-10.056,0,0,-1.32282,-1.25191,-29.9896,21.5726,-6.36501,62.6873,1.00912,35.1336,-17.3642,1.23966,7.45599,-14.5042,-12.3685,-3.41352,8.78323,0,1.35684,14.1593,12.6078,-31.8367,-4.38994,3.45684,15.2472,19.0117,-14.002,-6.40242,7.07061,3.66799,-1.98345,2.69307,8.17417,0,0,9.02486,-6.95562,-1.74635,-55.4866,-148.772,87.6681,-54.1544,79.5763,-24.1116,31.757,77.7479,0,23.958,24.3596,-1.52567,8.16928,-10.0989,27.6857,-78.5164,-45.8853,5.26664,3.41397,35.6439,-16.2363,-31.1146,25.2055,12.0977,-10.0581,8.79492,13.7192,
1.84365,0,-2.15042,0,-0.961823,0,0.581543,0,0,8.08379,7.5732,8.78914,-2.20861,18.7114,19.9329,18.2092,1.49902,-15.8963,8.659,5.49316,-10.0066,-5.56776,-4.48835,5.61429,0,4.7675,18.1606,17.1833,22.4102,1.9615,-14.601,8.89431,1.21444,-5.1941,9.62389,7.87368,-0.228584,3.23476,-0.368195,4.01336,0,0,-19.2474,-0.867755,67.1001,-8.41136,-4.22039,-63.2692,74.1451,31.5809,-1.3314,-5.0711,14.4978,23.958,0,-39.1913,1.68864,-2.0606,27.127,-56.5738,-0.835849,36.8203,19.4428,40.7811,-21.568,-89.0212,-28.4473,-13.3696,13.2355,-4.98753,-0.40811,-49.014,
-7.52271,0,16.1765,0,27.3835,0,-1.33499,0,0,5.8981,-24.0529,45.9007,-0.418259,6.65099,17.1174,-37.9527,-32.8842,12.2936,11.7533,-9.28325,8.28512,-3.86579,-10.9572,0.401124,0,-2.64807,-13.2111,47.2774,-4.97817,-32.484,27.1647,2.94079,1.36233,2.04428,17.2789,0.757011,1.00493,-0.0469939,-2.16803,-4.09409,0,0,11.5704,65.8248,108.35,-114.152,-75.9311,66.0667,24.4703,102.963,-73.4526,9.45056,0.630324,24.3596,-39.1913,0,1.83551,-0.0103524,38.7646,68.0425,88.6469,-95.4001,-88.1686,70.5668,-151.586,29.1534,-133.52,-18.5757,-39.2667,-41.0358,1.06512,25.8944,
-1.33543,0,-0.0744782,0,0.644629,0,0.753441,0,0,0.113796,1.12142,-0.432461,0.113099,-0.866885,-0.696343,1.20148,-2.52554,-0.872613,-0.649482,0.166691,0.610039,0.175853,0.248639,-1.34671,0,0.210729,3.19723,-3.11472,0.236168,-0.548255,1.4638,1.75925,-0.0842235,-0.201378,-0.491058,0.502923,0.0512796,-0.111076,0.0110436,0.0279244,0,0,-0.135948,3.36266,4.64148,2.10376,0.88474,4.16466,-7.399,3.55797,-4.89383,-1.38859,0.627819,-1.52567,1.68864,1.83551,0,0.459037,-2.2202,-1.44638,0.378582,5.42084,2.23715,8.83201,-1.57813,0.499964,0.319248,0.53036,-0.273425,-0.87338,-1.45945,-1.38375,
3.1143,0,-1.7596,0,-1.69549,0,-0.819918,0,0,0.616374,2.40832,0.595196,-1.95744,-0.693142,-1.44407,-4.02642,0.897221,-1.76226,-2.61721,1.21349,-0.533672,-0.321097,0.0306245,0.270861,0,3.06668,0.674741,1.25015,5.81905,4.89197,5.08108,-2.72495,3.94301,0.627699,1.00289,-0.317076,1.15762,0.168401,0.359321,2.19694,0,0,1.21249,-0.405628,7.612,-6.16483,-15.2817,3.63374,-10.9244,-4.03357,0.138824,3.05167,-1.79642,8.16928,-2.0606,-0.0103524,0.459037,0,-2.09394,3.25825,-2.34563,20.3056,-5.86621,18.7508,-1.06914,-1.84877,1.14829,-5.19785,-7.91309,2.84164,2.44111,2.35649,
-29.5884,0,6.4985,0,6.37758,0,2.9974,0,0,-7.25326,-12.503,29.4935,-35.9038,10.8444,-0.548306,-35.7137,9.89088,-19.4702,0.450573,1.80537,5.64508,-3.77329,-3.34939,3.63022,0,17.081,-7.90564,5.81856,-12.3593,8.47948,34.7728,2.68392,14.2522,-15.6825,7.33027,-1.99625,-2.41503,4.42442,2.34408,-0.527842,0,0,-14.0854,40.5105,39.4541,-67.8175,39.551,-79.5599,23.1557,-40.3893,73.0113,-89.1435,-57.0669,-10.0989,27.127,38.7646,-2.2202,-2.09394,0,22.0916,-46.8065,-31.3041,42.7917,-24.8823,-13.0901,3.03327,0.270753,-23.6656,-22.6223,-26.1996,18.6773,23.3995,
-16.2574,0,29.4826,0,3.93902,0,41.798,0,0,-2.46498,14.1752,-48.1348,110.211,-75.1296,-2.30022,-12.6833,13.38,-26.1181,24.9885,-30.6345,17.84,-10.8023,11.3862,18.0132,0,-11.472,-11.9496,-80.6825,14.918,83.5406,20.8903,-14.6126,-6.47814,1.97415,-9.31117,9.13368,21.0862,6.49357,-3.11115,-7.52628,0,0,-3.40426,-49.7026,-122.05,-22.7313,116.904,37.4363,-136.227,-48.5185,-15.459,-40.3046,17.4656,27.6857,-56.5738,68.0425,-1.44638,3.25825,22.0916,0,-124.341,-106.076,32.6484,137.864,-147.23,8.55786,-36.9631,41.0157,-33.6114,28.5471,-6.44319,63.5378,
0.0933406,0,-8.97384,0,-25.0553,0,-8.91947,0,0,5.48571,-14.824,18.053,-110.358,34.6076,-31.2318,-6.92881,25.1124,37.2963,17.6597,-35.2493,10.3228,-19.1838,3.94705,-11.4107,0,-2.07976,-15.0278,-86.1507,34.2434,-52.7427,-1.55643,32.5725,2.49401,9.25154,11.0403,-3.62782,-5.68257,-0.606032,-0.573348,-4.19574,0,0,-14.7354,18.8923,6.07153,-218.1,-180.903,91.2057,-17.7164,121.49,-41.5266,75.4797,13.855,-78.5164,-0.835849,88.6469,0.378582,-2.34563,-46.8065,-124.341,0,62.5549,-47.8688,-71.9433,56.2179,18.1849,-85.4558,-80.1131,-17.727,2.83414,-22.2105,5.20749,
53.3886,0,-5.47546,0,8.95191,0,53.7533,0,0,-3.16553,51.1191,-24.4983,-29.0068,53.7288,9.32789,81.2134,2.31236,-24.3451,5.04016,-0.362739,3.45453,5.68573,-4.90922,-11.0027,0,0.521746,-41.3029,-2.03296,28.747,70.3373,-10.2503,-36.6714,-7.00434,-3.82176,-5.97732,-5.60147,-1.37573,-1.10144,-2.3804,-8.28371,0,0,-25.7809,-95.2761,103.172,57.0411,194.919,-109.894,-47.9296,-96.517,-42.409,45.8925,39.3468,-45.8853,36.8203,-95.4001,5.42084,20.3056,-31.3041,-106.076,62.5549,0,108.298,26.2937,7.48036,-60.5573,95.0551,-60.8659,21.8284,2.87594,19.3909,57.1745,
-1.12592,0,-3.79262,0,-6.48249,0,-22.3956,0,0,7.02682,-1.41574,-45.7351,-100.991,-16.7942,64.5905,-29.671,28.4754,34.9271,3.78133,-2.06734,-7.93781,-7.46633,-3.53401,6.28264,0,-28.5989,48.2346,-42.8016,-17.0275,31.8667,72.2641,-26.873,-16.2454,-18.8369,10.3458,-22.1711,-4.78787,0.967655,-8.49117,2.50552,0,0,-52.5463,-30.5579,85.779,-84.1451,-94.602,256.7,225.608,96.9027,-53.7336,30.2203,-82.253,5.26664,19.4428,-88.1686,2.23715,-5.86621,42.7917,32.6484,-47.8688,108.298,0,-21.3436,-19.746,17.4363,-40.9547,57.238,85.1546,24.0189,40.7247,-13.6635,
-22.9847,0,12.8996,0,11.218,0,4.92613,0,0,4.13421,21.6515,7.16096,-11.6047,-9.37684,40.0939,0.959265,-7.55822,-26.6419,1.3834,27.9252,-9.91398,-9.84953,11.6505,-7.86727,0,2.88824,35.6312,-37.3095,-15.0921,32.9582,6.41911,-0.816119,24.7552,14.5692,13.1661,-5.63247,8.19787,3.3104,9.35114,-7.72277,0,0,3.97192,-65.6675,-85.0907,4.42774,-94.8478,21.5274,-176.768,93.1296,-74.268,7.7951,-45.2035,3.41397,40.7811,70.5668,8.83201,18.7508,-24.8823,137.864,-71.9433,26.2937,-21.3436,0,-42.7079,-52.3907,-25.9848,-6.23268,-29.1911,-37.2492,14.0925,0.332692,
3.05363,0,44.8408,0,-16.873,0,33.7567,0,0,1.85827,13.5204,-1.42768,-44.1447,-45.8496,-21.6475,-9.43101,-19.7214,16.8907,-21.6078,-12.5189,-1.18493,9.98662,15.6819,9.89659,0,12.0744,27.0798,68.0109,3.0629,-8.25402,-36.6941,23.8926,12.2908,11.4766,-12.2414,-11.9756,1.60875,6.95193,5.07382,-8.45345,0,0,12.0053,95.3501,-30.2679,202.227,43.3273,-15.3813,-104.784,24.0367,185.724,-93.8903,-35.4287,35.6439,-21.568,-151.586,-1.57813,-1.06914,-13.0901,-147.23,56.2179,7.48036,-19.746,-42.7079,0,16.2173,0.00179232,38.3542,-47.1928,-32.1415,-28.8306,8.14652,
-10.8806,0,3.92355,0,5.39746,0,8.68934,0,0,-3.18947,-0.112258,18.4567,-28.9978,7.20388,-40.7002,-25.4741,-29.1432,-7.10083,-13.1736,16.9639,14.3438,12.0315,11.2082,-0.114974,0,5.71835,-0.390511,7.31566,-5.53461,-4.42,25.6317,-12.5507,-9.93574,0.238753,2.61692,-0.324769,8.19373,5.01865,4.53671,2.72265,0,0,-20.2983,25.2338,89.9129,-30.529,119.41,-42.8014,71.4479,8.04524,-33.2228,-28.1874,31.8123,-16.2363,-89.0212,29.1534,0.499964,-1.84877,3.03327,8.55786,18.1849,-60.5573,17.4363,-52.3907,16.2173,0,-47.5963,-30.1913,-33.935,-18.9052,-34.0769,24.8369,
-5.60871,0,-2.69761,0,10.7471,0,-10.9189,0,0,5.02649,-21.0284,-29.0244,0.475709,10.3735,-1.55209,27.939,5.57303,-9.70459,-1.0256,-2.06343,-8.93907,-12.142,-6.62882,3.69302,0,1.45484,4.74884,11.9077,-36.411,-48.2954,-35.8564,9.60123,-14.0847,2.20184,-3.38327,-7.22074,1.45153,-0.216916,-2.0008,3.46068,0,0,-0.648284,30.4793,-131.224,-50.6797,16.9129,-156.892,46.2749,-21.1668,-45.3657,-62.737,49.0441,-31.1146,-28.4473,-133.52,0.319248,1.14829,0.270753,-36.9631,-85.4558,95.0551,-40.9547,-25.9848,0.00179232,-47.5963,0,8.11693,-33.7687,0.415768,-27.5863,-21.5699,
0.0119265,0,-15.4726,0,-13.3648,0,-10.3836,0,0,2.91175,-13.0961,-32.7727,-21.566,25.4905,6.42302,48.5527,-29.1975,-25.5605,1.51898,-2.59703,6.93139,-9.13733,4.43205,-2.0738,0,-15.8659,-9.41512,-62.8558,-1.42799,-15.7689,-4.66902,-7.70485,-25.9984,-2.9599,-8.49535,-3.78805,4.4649,-1.8387,-4.95817,-3.86063,0,0,-10.2546,26.7413,-16.9231,61.3582,-79.2923,14.048,38.5454,8.69838,21.5524,-7.0366,-11.1606,25.2055,-13.3696,-18.5757,0.53036,-5.19785,-23.6656,41.0157,-80.1131,-60.8659,57.238,-6.23268,38.3542,-30.1913,8.11693,0,20.7849,-11.3902,2.49652,-25.3404,
14.1266,0,-15.3864,0,-6.83376,0,-13.7149,0,0,2.15707,10.6112,5.00989,-27.3693,21.0275,-6.88598,30.4988,36.0811,-13.6215,9.76839,-13.4328,-3.38947,-2.26732,-2.4587,2.00549,0,4.62668,-4.483,26.9417,-17.1067,-3.62981,10.4029,-19.0768,-16.1192,2.01913,4.39625,3.28028,-8.03749,0.131689,0.00986605,5.75388,0,0,2.31814,-24.0674,47.4321,7.02281,39.9282,-106.545,-5.18139,-69.8754,42.257,16.9066,-32.7004,12.0977,13.2355,-39.2667,-0.273425,-7.91309,-22.6223,-33.6114,-17.727,21.8284,85.1546,-29.1911,-47.1928,-33.935,-33.7687,20.7849,0,-4.5045,-1.61311,-34.5522,
-5.99387,0,11.0261,0,8.86213,0,-11.9394,0,0,-1.07058,5.53123,-14.5054,-29.5966,31.848,3.63859,-2.07301,-5.71077,-8.24146,-2.86703,-11.7698,-9.30719,-18.6573,-0.105708,-0.849664,0,-3.66304,19.3645,-50.5342,-12.4504,18.3037,-5.9988,-4.73532,0.106285,-8.6795,-4.47569,-1.4433,4.43504,-0.663146,-2.10157,0.591223,0,0,-7.7655,-38.6263,6.69841,26.96,45.433,70.6825,98.8853,-17.8872,-8.90767,38.5845,2.98903,-10.0581,-4.98753,-41.0358,-0.87338,2.84164,-26.1996,28.5471,2.83414,2.87594,24.0189,-37.2492,-32.1415,-18.9052,0.415768,-11.3902,-4.5045,0,1.65847,11.2466,
-5.5364,0,-12.6501,0,-2.24946,0,4.5739,0,0,1.8545,9.16734,-12.6452,2.32314,9.37401,9.71795,-0.111291,-3.28644,-7.07383,-1.01981,-0.644264,-2.12276,-0.134545,1.67194,7.63262,0,3.32879,-0.113571,0.180539,-1.83095,5.67086,24.2386,7.57896,-10.5185,4.64126,4.12227,-3.38482,-2.58291,-1.67397,-2.73456,2.56535,0,0,-2.78664,11.6937,-60.2891,-13.486,0.281589,9.37401,2.9428,-24.4466,11.9428,42.551,6.9883,8.79492,-0.40811,1.06512,-1.45945,2.44111,18.6773,-6.44319,-22.2105,19.3909,40.7247,14.0925,-28.8306,-34.0769,-27.5863,2.49652,-1.61311,1.65847,0,8.56587,
15.8889,0,-7.71288,0,2.53684,0,3.17718,0,0,-0.614302,-6.72179,-19.9865,9.18589,29.2656,18.06,10.6621,-6.37908,1.76934,16.229,-0.573894,3.04464,2.40625,-1.06989,-4.65703,0,-10.1076,-34.173,42.8485,-13.6023,21.5209,-9.32385,-6.59475,-8.62313,5.04707,3.34762,0.268015,6.64649,1.81999,-2.00782,-6.81614,0,0,4.14203,-52.9211,1.56938,-89.3205,49.0032,16.46,-11.0139,0.173107,59.4916,8.75962,-30.7082,13.7192,-49.014,25.8944,-1.38375,2.35649,23.3995,63.5378,5.20749,57.1745,-13.6635,0.332692,8.14652,24.8369,-21.5699,-25.3404,-34.5522,11.2466,8.56587,0,
