data: 40,0,164,0,16,0,153,0,0,9,115,303,368,331,290,179,137,102,65,53,46,21,8,48,0,142,744,721,494,276,230,131,101,56,29,22,23,11,7,19,0,0,81,900,2187,3055,3627,3508,3004,2485,1902,1372,936,634,414,878,6,19,978,2156,2646,2648,2381,2088,1682,1357,1033,733,511,324,228,435,
pred: 82.7695,0,205.993,0,71.51,0,212.117,0,0,9.32589,167.152,401.644,524.153,459.88,401.094,284.234,214.538,140.739,97.6471,69.1397,50.7271,35.5001,30.5189,55.8664,0.0379363,131.723,670.617,648.446,532.755,354.867,242.772,159.705,96.2925,57.7474,39.3389,22.5426,18.6637,10.7247,8.90373,22.5351,0,2.45408,110.952,947.591,2050.76,2871.06,3291.72,3307.14,2948.39,2469.86,1954.56,1557.15,1100.76,771.889,557.746,1309.96,3.94937,15.8825,826.215,1702.79,1998.55,1965.72,1892.19,1658.31,1321.32,1094.59,851.486,644.196,477.635,331.281,222.945,500.736,
cov:
634.977,0,662.793,0,75.0988,0,654.188,0,0,25.0997,201.438,1439.78,2124.59,2040.62,1362.37,1287.42,936.143,342.719,421.516,259.626,343.572,37.4625,4.68546,314.353,0.118357,89.9092,653.636,1028.57,970.854,884.357,312.501,683.2,96.2076,61.0494,118.981,96.3215,81.6032,-8.91618,31.9843,24.8273,0,-16.133,226.682,639.893,3963.17,3962.85,6334.91,4216.82,4486.23,3278.2,3288.35,2337.48,1667.68,1124.85,1732.11,2364.02,12.233,-49.5788,206.071,460.16,-236.209,-357.761,-312.791,-705.298,-1377.05,-829.77,-314.771,-140.107,84.512,334.573,-760.463,-576.986,
0,1e-06,0,0,0,0,0,0,0,0,0,0,0,0,0,0,0,0,0,0,0,0,0,0,0,0,0,0,0,0,0,0,0,0,0,0,0,0,0,0,0,0,0,0,0,0,0,0,0,0,0,0,0,0,0,0,0,0,0,0,0,0,0,0,0,0,0,0,0,0,0,0,
662.793,0,2592.48,0,457.445,0,1014.36,0,0,39.4367,935.631,2487.23,3292.72,2538.44,2278.76,1902.71,1012.32,770.82,296.304,193.026,245.696,27.4246,222.908,113.69,0.238168,963.194,4608.19,4309.3,3676.42,2195.02,1344.24,924.195,699.501,33.7265,215.727,112.475,8.61297,9.62004,36.4307,131.099,0,28.1499,569.407,3646.01,5912.97,6958.83,7762.59,7049.88,5683.41,3227.51,1878.35,1049.83,149.992,-46.6675,183.454,-3243.81,46.0465,90.9252,3323.08,6325.9,7442.91,7702.21,6821.49,6020.49,4213.25,4273.15,1784.16,451.546,1224.82,-128.127,171.308,170.094,
0,0,0,1e-06,0,0,0,0,0,0,0,0,0,0,0,0,0,0,0,0,0,0,0,0,0,0,0,0,0,0,0,0,0,0,0,0,0,0,0,0,0,0,0,0,0,0,0,0,0,0,0,0,0,0,0,0,0,0,0,0,0,0,0,0,0,0,0,0,0,0,0,0,
75.0988,0,457.445,0,521.829,0,275.506,0,0,11.1451,519.836,538.669,679.666,629.28,937.303,393.322,327.427,226.675,169.574,114.219,-11.9518,141.921,127.176,-48.1278,0.295105,381.723,1963.38,1989.57,1291.26,744.989,836.08,38.0052,301.476,163.785,10.4691,21.4375,-51.2452,30.8687,21.022,-3.79669,0,27.1052,-69.134,926.699,-5.50855,1195.74,-581.186,1459.79,1229.38,892.315,591.617,451.677,149.667,82.2543,-744.549,-3.44145,-4.01039,60.4968,1360.77,1740.36,2639.38,2727.84,2671.31,1975.34,2433.66,2416.83,1258.14,379.601,557.399,-290.144,959.541,1098.81,
0,0,0,0,0,1e-06,0,0,0,0,0,0,0,0,0,0,0,0,0,0,0,0,0,0,0,0,0,0,0,0,0,0,0,0,0,0,0,0,0,0,0,0,0,0,0,0,0,0,0,0,0,0,0,0,0,0,0,0,0,0,0,0,0,0,0,0,0,0,0,0,0,0,
654.188,0,1014.36,0,275.506,0,2413.22,0,0,49.9725,665.222,2406.15,3713.18,3753.23,2895.57,2420.16,1808.5,667.041,928.285,701.268,551.138,194.687,199.039,547.498,-0.176222,339.085,2310.57,3040.93,2790.35,2317.34,1278.15,1309.8,384.217,427.339,242.499,131.171,138.748,89.4827,43.7905,121.569,0,-2.38519,332.266,1388.84,4986.32,6673.99,10632.6,8026.42,8245.85,7240.47,7129.3,5280.95,4895.75,2966.02,3263.32,7235.92,23.1826,-22.5179,296.574,1371.52,1161.54,674.661,501.364,1123.66,-140.983,915.225,1058.5,952.617,1217.87,1252.31,195.082,1066.16,
0,0,0,0,0,0,0,1e-06,0,0,0,0,0,0,0,0,0,0,0,0,0,0,0,0,0,0,0,0,0,0,0,0,0,0,0,0,0,0,0,0,0,0,0,0,0,0,0,0,0,0,0,0,0,0,0,0,0,0,0,0,0,0,0,0,0,0,0,0,0,0,0,0,
0,0,0,0,0,0,0,0,0.13372,0,0,0,0,0,0,0,0,0,0,0,0,0,0,0,0,0,0,0,0,0,0,0,0,0,0,0,0,0,0,0,0,0,0,0,0,0,0,0,0,0,0,0,0,0,0,0,0,0,0,0,0,0,0,0,0,0,0,0,0,0,0,0,
25.0997,0,39.4367,0,11.1451,0,49.9725,0,0,52.5895,4.41546,142.461,203.904,195.418,129.099,107.093,115.619,-13.9149,25.7392,13.525,66.9252,-13.8027,-10.1491,18.6886,-0.0536817,65.3456,118.139,103.241,111.733,178.87,-3.49514,101.003,3.3563,4.62326,46.9586,14.0061,27.1458,7.64485,-5.63904,9.9098,0,1.28529,104.409,-57.7506,629.53,66.3076,578.533,327.52,167.974,88.4228,218.377,-94.8418,143.519,205.657,217.232,195.796,6.2722,-8.68899,-105.782,-9.5148,142.287,303.675,188.71,379.011,426.796,-4.38413,85.3279,280.467,80.5587,140.555,-126.075,150.938,
201.438,0,935.631,0,519.836,0,665.222,0,0,4.41546,1909.18,2332.37,2740.2,2133.13,2398.13,1289.94,829.601,609.352,407.048,262.885,-47.0195,258.304,261.336,30.4768,0.485633,846.694,5199.33,5269.23,3424.03,1903.3,1711.93,152.419,561.332,299.673,-15.6211,39.3691,-103.165,23.7188,26.0379,7.26762,0,52.6907,-40.0458,3765.59,3457.86,8144.6,5959.37,9293.93,8209.92,6814.57,4996.71,4398.07,2586.62,1432.43,81.1115,1739.68,12.157,164.313,3736.27,6229.47,8066.28,8275.88,7770.25,6395.37,5966.41,6439.57,3893.15,1627.12,1806.64,-93.2701,2179.51,2039.14,
1439.78,0,2487.23,0,538.669,0,2406.15,0,0,142.461,2332.37,9035.73,10542.2,9104.15,7167.63,5516,3873.18,1956.64,1661.22,925.657,1036.94,248.656,145.638,989.516,0.493782,1460.52,8431.69,9449.27,7455.16,5275.48,2433.09,2479.23,739.41,381.239,506.823,343.238,235.725,4.95455,57.7221,192.495,0,-8.81421,1082.76,7028.01,19173.8,23215.8,31155.4,28090.6,26302.5,22198.6,18246.1,14258.9,10681.6,7515.63,7374.52,10958.9,79.3515,54.757,3783.59,8374.67,9188.07,9990.92,9669.07,8931.89,5331.29,4924.57,4647.68,4201.55,2807.85,2515.51,-243.32,1052.51,
2124.59,0,3292.72,0,679.666,0,3713.18,0,0,203.904,2740.2,10542.2,17757.4,14216,10665.7,9033.25,6512.12,4035.57,2733.58,1836.19,2080.65,186.466,209.371,1644.21,-2.17667,1756.82,10089.7,11071.9,10164.2,7388.6,3248.02,4626.94,1486.57,654.227,1073.53,551.286,707.121,141.24,170.194,433.763,0,-140.211,1907.66,7254.03,24362.2,26236.8,43533.9,35167.4,35056.1,29180,26746.2,20753.8,17420.3,12967,14008,22507.6,-4.60987,-139.342,1862.58,6808.97,6840.26,8092.61,7703.16,10332.8,3673.23,3077.89,5300.36,6490.44,4660.2,6489.71,-2219.2,2841.63,
2040.62,0,2538.44,0,629.28,0,3753.23,0,0,195.418,2133.13,9104.15,14216,14957,10300.1,8157.72,6329.58,3407.36,3025.56,2047.98,1985.94,357.2,186.328,1675.9,-0.277445,1219.33,6960.31,9055.12,8011.29,6553.97,3243.1,4214.72,1071.1,876.351,1001.24,549.781,667.567,221.454,175.262,267.959,0,-146.858,1256.68,3504.09,18740.5,21435,35575.1,29114.1,30427,25908.5,26130.1,19057.3,16539.3,11842.1,12404.6,24868.5,-32.6121,-289.325,-589.314,1274.88,617.486,600.237,2771.55,3822.22,-214.058,-489.562,2917.82,4410.36,3654.04,5728.93,-2063.44,3249.78,
1362.37,0,2278.76,0,937.303,0,2895.57,0,0,129.099,2398.13,7167.63,10665.7,10300.1,10057.1,6105.96,4792.49,2686.85,2427.76,1534.97,1259.73,519.213,370.549,1007.78,1.12294,1467.6,8514.56,10085.8,8004.09,5925.51,3897.21,2869.75,1294.1,930.146,704.666,427.419,357.372,202.362,159.505,184.226,0,-62.0757,614.088,4132.55,12862.9,17847.6,23697.7,24463.7,24789,21886,20237.6,15859.8,12725.2,9261.89,7308.63,17760.9,-42.0205,-96.6391,1924.72,4432.67,5561.91,6537.97,8735.49,7959.29,5989.64,4585.99,4802.98,4564.39,3871.91,3796.62,654.271,4776.46,
1287.42,0,1902.71,0,393.322,0,2420.16,0,0,107.093,1289.94,5516,9033.25,8157.72,6105.96,6582.89,4179.85,2270.25,1752.43,1274.6,1365.08,190.879,221.865,1121.67,-1.43384,761.597,4745.51,5642.85,5738.43,4404.91,1960.16,2955.1,950.206,541.436,664.972,329.465,444.258,125.198,118.801,330.194,0,-77.4399,837.021,1869.7,10587,10163.9,21771.7,15747.8,16985.9,15598.4,14419.6,12074.4,10594,7920.26,8671.95,14470.3,9.63772,-132.215,-868.028,772.719,238.333,1366.26,1110.95,3738.93,139.274,310.859,2114.88,3637.78,2463.17,3908.79,-1187.62,1478.46,
936.143,0,1012.32,0,327.427,0,1808.5,0,0,115.619,829.601,3873.18,6512.12,6329.58,4792.49,4179.85,4328.67,1383.91,1481.98,1110.46,1263.07,172.486,128.253,860.109,-0.864892,492.688,2655.98,3724.04,3778.3,3260.78,1541.18,2335.32,679.535,512.759,592.062,294.156,404.324,123.151,131.814,216.742,0,-81.9463,550.746,-253.829,7648.83,5643.5,15019.9,10898.7,12606.8,11711.2,11754.6,9805.83,8673.14,6819.63,6890.12,14040.6,-30.2603,-165.011,-2029.33,-2209.61,-3188.18,-1269.27,-830.971,1217.25,-121.714,-1049.42,1044.35,3208.41,1954.25,3582.93,-1236.59,1872.78,
342.719,0,770.82,0,226.675,0,667.041,0,0,-13.9149,609.352,1956.64,4035.57,3407.36,2686.85,2270.25,1383.91,3413.17,702.338,404.35,259.554,154.455,73.1213,502.838,-1.21553,437.2,2626.71,2477.36,2851.36,1731.34,1020.02,1118.28,757.394,277.308,339.536,111.671,241.692,92.2463,47.5321,180.927,0,-52.3812,448.64,2077.47,2067.65,3144.73,5986.08,6552.2,6617.61,7942.08,6832.84,5814.41,5562.71,4937.16,4367.43,8164.45,-59.3067,-47.084,1013.19,1820.8,3574.15,1978.07,3253.35,4285.23,1738.64,1255,2476.22,2684.86,1366.57,2262.42,323.836,2195.16,
421.516,0,296.304,0,169.574,0,928.285,0,0,25.7392,407.048,1661.22,2733.58,3025.56,2427.76,1752.43,1481.98,702.338,1319.68,582.681,485.614,189.801,101.379,440.759,0.380065,97.1939,945.461,1705.59,1342.38,1360.93,945.62,905.308,226.968,375.64,187.336,162.699,143.887,82.1314,57.5554,4.01356,0,-40.3547,-19.6859,-35.4744,2491.39,4156.98,6557.18,6288.1,7366.99,6725.23,7284.09,5736.87,4835.15,3325.44,2967.63,8501.51,-27.9782,-95.1798,-610.79,-926.619,-1391.24,-1698.58,-704.426,-781.129,-924.425,-333.566,693.526,693.344,1020.2,1278.36,-81.7149,1459.12,
259.626,0,193.026,0,114.219,0,701.268,0,0,13.525,262.885,925.657,1836.19,2047.98,1534.97,1274.6,1110.46,404.35,582.681,826.231,392.397,77.0195,115.368,270.917,-0.162037,49.6803,490.294,891.515,881.401,783.851,659.727,738.762,240.43,258.045,151.04,86.316,132.057,84.0924,61.385,35.2649,0,-40.5642,-8.03846,-385.927,841.312,1643.85,4105.23,2906.39,4169.7,3189.71,4476.89,3428.57,3240.86,1956.21,2060.68,6268,-29.2526,-43.1324,-1020.2,-1305.76,-1903.72,-1835.66,-1449.72,-791.254,-1081.89,-128.905,274.656,361.391,985.84,1316.16,-166.466,1179.16,
343.572,0,245.696,0,-11.9518,0,551.138,0,0,66.9252,-47.0195,1036.94,2080.65,1985.94,1259.73,1365.08,1263.07,259.554,485.614,392.397,965.75,-74.0513,-23.0035,290.832,-0.631234,80.8177,-56.7051,95.3966,655.575,870.386,170.274,1112.89,191.685,99.2733,312.261,150.062,231.146,46.7328,72.5666,87.8107,0,-62.3425,402.616,-723.791,3890.82,1112.92,6192.41,3069.87,3936.01,2854.67,3505.78,2932.14,2684.98,2371.11,2947.94,5309.6,-19.1808,-102.778,-1537.04,-1870.92,-3090.05,-1593.4,-1862.53,-462.087,-935.228,-1809.27,-539.06,1105.76,739.764,1903.13,-1532.08,479.549,
37.4625,0,27.4246,0,141.921,0,194.687,0,0,-13.8027,258.304,248.656,186.466,357.2,519.213,190.879,172.486,154.455,189.801,77.0195,-74.0513,353.499,49.1897,111.706,0.538848,13.8585,609.801,929.286,460.451,327.931,480.706,-109.087,74.1169,189.639,-53.9788,7.61587,-66.5815,3.94721,12.8959,-32.6949,0,26.5315,-304.965,67.4381,-792.62,862.198,-913.844,975.201,1326.76,2229.03,1719.69,1780.94,1009.44,798.718,86.4574,2007.68,1.76822,8.46441,732.839,407.209,746.726,271.001,842.32,-266.272,458.575,960.956,844.892,241.882,2.13574,-480.098,1031.8,503.564,
4.68546,0,222.908,0,127.176,0,199.039,0,0,-10.1491,261.336,145.638,209.371,186.328,370.549,221.865,128.253,73.1213,101.379,115.368,-23.0035,49.1897,284.94,-21.797,-0.0709316,158.995,971.401,931.586,654.448,349.015,468.709,47.7735,182.486,112.943,-11.2256,-1.28698,-26.9164,31.5529,5.29195,15.1589,0,15.2186,-46.4377,621.139,-466.938,746.5,348.934,1063.43,964.558,797.658,668.019,646.112,627.398,116.676,-179.429,622.17,2.73779,59.7161,612.871,1225.28,1646.53,1571.38,1290.71,1444.79,1258.91,1805.33,866.8,162.943,652.959,43.2058,718.661,797.433,
314.353,0,113.69,0,-48.1278,0,547.498,0,0,18.6886,30.4768,989.516,1644.21,1675.9,1007.78,1121.67,860.109,502.838,440.759,270.917,290.832,111.706,-21.797,701.051,-0.276384,-125.844,-201.753,216.051,485.394,691.824,75.8488,611.087,7.55526,164.905,114.123,66.7469,102.486,13.3281,8.91722,60.1605,0,-8.49817,133.618,-71.1441,2443,2279.39,5400.14,3535.72,4117.02,4860.57,4410.03,3716.9,3343.68,2658.46,3004.96,5682.89,14.6172,-67.6575,-523.924,-816.89,-1263.81,-1806.03,-1478.56,-970.185,-1714.8,-1332.17,187.847,800.003,49.8492,769.334,-186.751,-38.4273,
0.118357,0,0.238168,0,0.295105,0,-0.176222,0,0,-0.0536817,0.485633,0.493782,-2.17667,-0.277445,1.12294,-1.43384,-0.864892,-1.21553,0.380065,-0.162037,-0.631234,0.538848,-0.0709316,-0.276384,0.0894599,0.183246,1.41118,2.86136,-0.227681,0.233448,1.35846,-1.31392,-0.464265,0.30038,-0.344285,0.112588,-0.417835,-0.0606108,0.0318011,-0.473187,0,0.095581,-1.153,0.867437,-0.0846985,7.40885,-6.81613,4.21816,3.60398,3.10424,1.84028,0.861717,-2.88351,-2.48684,-6.10157,-3.16503,-0.00543913,0.000526607,3.5629,2.48016,2.72547,2.0584,5.67073,-2.48774,2.81093,1.62342,0.439181,-2.2006,-0.910607,-3.70986,1.98646,0.759228,
89.9092,0,963.194,0,381.723,0,339.085,0,0,65.3456,846.694,1460.52,1756.82,1219.33,1467.6,761.597,492.688,437.2,97.1939,49.6803,80.8177,13.8585,158.995,-125.844,0.183246,1397.52,3990.66,3502.62,2598.62,1564.54,1038.78,350.667,507.232,81.6224,194.595,47.7941,22.2666,53.6686,5.70977,89.3169,0,31.9186,437.814,2633.5,3244.68,3891.63,3439.36,5324.3,3757.52,2573.11,1639.73,660.527,714.712,723.506,-302.322,-1300.53,16.2841,106.258,2166.49,4449.1,6553.08,7565.51,6842.27,6939.87,6503.98,4709.53,2622.85,1886.1,1609.88,456.111,870.394,2023.28,
653.636,0,4608.19,0,1963.38,0,2310.57,0,0,118.139,5199.33,8431.69,10089.7,6960.31,8514.56,4745.51,2655.98,2626.71,945.461,490.294,-56.7051,609.801,971.401,-201.753,1.41118,3990.66,23622.2,20268.7,14572.7,8226.4,6323.97,1240.95,2632.35,778.585,367.372,192.217,-236.108,131.834,59.3642,326.825,0,206.021,1012.97,15577.1,16734.8,28165,23351.9,34654.1,27998.7,23063.4,14090.1,12492,7306.83,4943.72,-49.708,-1821.97,84.6514,618.585,14767.5,26851.7,36301.5,39452.1,36636.5,34007.2,29955.6,26821.2,15866.7,8803.99,7827.74,658.817,7275.49,8706.71,
1028.57,0,4309.3,0,1989.57,0,3040.93,0,0,103.241,5269.23,9449.27,11071.9,9055.12,10085.8,5642.85,3724.04,2477.36,1705.59,891.515,95.3966,929.286,931.586,216.051,2.86136,3502.62,20268.7,22850.1,14391.5,8776.09,6840.28,1308.83,2271.18,1121.26,239.194,248.583,-279.556,100.194,78.3944,178.425,0,202.168,198.233,12722.4,14296.5,28399.8,22512.9,33903.7,29539.6,25976.7,18460.2,15694.2,9331.06,6261,811.32,4061.36,78.3867,473.546,12849.6,21919.1,29505.9,31830.8,30706.2,25858.2,24680.4,23275.2,14134.1,7151.75,6449.27,-289.552,7408.72,7583.05,
970.854,0,3676.42,0,1291.26,0,2790.35,0,0,111.733,3424.03,7455.16,10164.2,8011.29,8004.09,5738.43,3778.3,2851.36,1342.38,881.401,655.575,460.451,654.448,485.394,-0.227681,2598.62,14572.7,14391.5,13405.2,7259.72,4753.39,2489.45,2152.13,771.123,650.511,241.473,121.078,156.417,114.002,460.776,0,76.9103,1099.25,9503.31,14226,19217.1,22827,25894.1,22557.1,21047.6,14293.5,13207.5,9897.11,7491.27,4849.64,6583.5,57.6526,318.986,7500.54,15307.1,20357.1,23126.6,21431.2,22214,17695.7,15003.6,10080.3,8052.06,5671.21,2958.95,3731.43,5766.75,
884.357,0,2195.02,0,744.989,0,2317.34,0,0,178.87,1903.3,5275.48,7388.6,6553.97,5925.51,4404.91,3260.78,1731.34,1360.93,783.851,870.386,327.931,349.015,691.824,0.233448,1564.54,8226.4,8776.09,7259.72,6644.14,2929.38,2174.75,1170.03,692.696,581.894,292.097,245.115,125.548,30.0318,287.469,0,45.471,926.258,3997.48,10553.5,11607.3,17069.4,17291.1,15480.8,15017.7,11878.3,9562.34,8141.41,6599.03,5181.93,8277.52,55.8699,32.9556,2911.52,6677.32,9490.84,11630.9,10603,11734.8,9784.08,6983.82,5638.77,5426,3320.15,2213.78,1463.39,3989.17,
312.501,0,1344.24,0,836.08,0,1278.15,0,0,-3.49514,1711.93,2433.09,3248.02,3243.1,3897.21,1960.16,1541.18,1020.02,945.62,659.727,170.274,480.706,468.709,75.8488,1.35846,1038.78,6323.97,6840.28,4753.39,2929.38,4046.68,660.576,1075.02,683.267,110.987,155.573,-77.2554,113.766,126.511,-16.9123,0,25.7048,-499.628,2952.25,1138.13,7759.11,3309.46,9638.62,10030.7,7928.8,7607.21,6732.93,3872.96,2354.65,-180.237,5377.99,-39.5996,153.25,3678.44,5717.68,7788.23,8333.6,9107.91,6475.56,7532.76,8476.19,5076.09,1860.39,3035.59,349.233,3048.94,4177.8,
683.2,0,924.195,0,38.0052,0,1309.8,0,0,101.003,152.419,2479.23,4626.94,4214.72,2869.75,2955.1,2335.32,1118.28,905.308,738.762,1112.89,-109.087,47.7735,611.087,-1.31392,350.667,1240.95,1308.83,2489.45,2174.75,660.576,2906.55,532.563,191.489,602.04,238.571,426.214,109.96,98.9962,252.626,0,-94.8614,941.399,674.192,7742.4,4586.43,14017.8,8435.02,8979.2,7468.58,7555.96,6033.94,6118.43,4917.54,5839.46,9385.99,-13.9474,-94.5728,-1906.4,-1051.99,-2079.63,-607.793,-1128.31,2103.62,-378.007,-1578.38,240.581,2582.96,1855.52,3761.29,-2124.81,1148.17,
96.2076,0,699.501,0,301.476,0,384.217,0,0,3.3563,561.332,739.41,1486.57,1071.1,1294.1,950.206,679.535,757.394,226.968,240.43,191.685,74.1169,182.486,7.55526,-0.464265,507.232,2632.35,2271.18,2152.13,1170.03,1075.02,532.563,1088.47,178.575,184.317,54.1386,65.5986,67.7507,67.8076,103.383,0,-11.7237,112.46,1199.6,503.628,815.883,980.974,2321.5,2329.05,2018.36,1433.74,2060.86,1456.87,1382.53,643.065,1733.65,-31.7755,64.3132,1238.59,2349.39,3349.33,4265.54,3922.08,4395.06,3764.88,3156.33,2038.81,1639.99,1538.65,1059.65,719.47,1878.35,
61.0494,0,33.7265,0,163.785,0,427.339,0,0,4.62326,299.673,381.239,654.227,876.351,930.146,541.436,512.759,277.308,375.64,258.045,99.2733,189.639,112.943,164.905,0.30038,81.6224,778.585,1121.26,771.123,692.696,683.267,191.489,178.575,540.874,32.908,37.5046,15.3079,53.01,21.3017,5.33199,0,10.0886,-193.124,-173.552,-853.247,470.732,38.2547,1336.76,1821.75,2498.11,2506.18,2278.71,1962.05,1384.13,731.553,3855.1,-10.4916,1.60566,53.1283,-204.158,183.083,-55.2256,277.584,211.089,648.962,971.499,999.183,628.798,553.57,261.402,878.275,1298.1,
118.981,0,215.727,0,10.4691,0,242.499,0,0,46.9586,-15.6211,506.823,1073.53,1001.24,704.666,664.972,592.062,339.536,187.336,151.04,312.261,-53.9788,-11.2256,114.123,-0.344285,194.595,367.372,239.194,650.511,581.894,110.987,602.04,184.317,32.908,422.704,60.3363,147.063,53.5002,26.0975,96.3986,0,-29.202,394.558,-93.3931,1969.49,73.1545,2631.2,1438.46,1341.63,1383.8,1370.39,925.545,1423.78,1490.73,1510.31,2337.07,-10.1837,-46.9211,-678.898,-452.921,-415.491,288.136,414.899,1572.59,878.042,-567.704,32.5003,1232.68,585.173,1302.27,-646.882,825.138,
96.3215,0,112.475,0,21.4375,0,131.171,0,0,14.0061,39.3691,343.238,551.286,549.781,427.419,329.465,294.156,111.671,162.699,86.316,150.062,7.61587,-1.28698,66.7469,0.112588,47.7941,192.217,248.583,241.473,292.097,155.573,238.571,54.1386,37.5046,60.3363,159.305,45.9631,5.56856,16.559,-2.23423,0,-14.6188,44.9773,-47.2163,1014.74,798.265,1411.19,1339.67,1532.98,1093.71,1241.32,986.694,690.663,627.074,624.01,1245.92,-7.09421,-28.4527,-116.395,-142.738,-330.82,-36.7145,12.4894,-39.2038,63.8157,-97.9283,100.676,186.797,235.604,300.174,-280.358,217.497,
81.6032,0,8.61297,0,-51.2452,0,138.748,0,0,27.1458,-103.165,235.725,707.121,667.567,357.372,444.258,404.324,241.692,143.887,132.057,231.146,-66.5815,-26.9164,102.486,-0.417835,22.2666,-236.108,-279.556,121.078,245.115,-77.2554,426.214,65.5986,15.3079,147.063,45.9631,215.759,29.6125,15.3549,54.5316,0,-30.0922,277.509,-285.764,1183.33,-282.772,1923.9,603.58,746.694,745.393,988.731,640.939,1065.31,1052.44,1268.6,2151.27,-13.169,-49.1091,-780.028,-863.866,-1156.35,-765.145,-738.974,256.21,-243.506,-1037.98,-289.732,625.624,285.567,1010.27,-696.703,417.871,
-8.91618,0,9.62004,0,30.8687,0,89.4827,0,0,7.64485,23.7188,4.95455,141.24,221.454,202.362,125.198,123.151,92.2463,82.1314,84.0924,46.7328,3.94721,31.5529,13.3281,-0.0606108,53.6686,131.834,100.194,156.417,125.548,113.766,109.96,67.7507,53.01,53.5002,5.56856,29.6125,95.1434,2.82774,22.192,0,-5.11658,56.8608,-75.6511,-243.586,-287.897,14.404,28.2986,61.0879,168.983,369.925,134.652,485.805,328.876,210.217,960.833,-6.14856,-1.76819,-244.626,-181.053,-41.556,-46.7899,78.9817,461.073,326.122,112.101,124.802,260.899,288.172,350.73,76.4446,551.08,
31.9843,0,36.4307,0,21.022,0,43.7905,0,0,-5.63904,26.0379,57.7221,170.194,175.262,159.505,118.801,131.814,47.5321,57.5554,61.385,72.5666,12.8959,5.29195,8.91722,0.0318011,5.70977,59.3642,78.3944,114.002,30.0318,126.511,98.9962,67.8076,21.3017,26.0975,16.559,15.3549,2.82774,84.6763,2.19356,0,-12.4692,-30.086,-36.7249,203.79,180.834,220.286,267.885,599.007,308.697,390.414,559.302,207.534,221.732,163.315,794.139,-13.6263,-7.95372,-1.21347,-154.25,-409.357,-178.817,-30.6899,-151.994,-83.0358,-75.8138,-26.0886,66.2849,145.376,235.893,-92.5501,130.139,
24.8273,0,131.099,0,-3.79669,0,121.569,0,0,9.9098,7.26762,192.495,433.763,267.959,184.226,330.194,216.742,180.927,4.01356,35.2649,87.8107,-32.6949,15.1589,60.1605,-0.473187,89.3169,326.825,178.425,460.776,287.469,-16.9123,252.626,103.383,5.33199,96.3986,-2.23423,54.5316,22.192,2.19356,205.237,0,0.119201,256.788,282.189,858.527,-248.864,1379.25,375.139,37.68,702.234,-7.60293,214.175,640.594,682.651,756.275,572.598,7.40551,6.36081,-118.365,249.845,391.624,691.483,470.552,1455.87,625.057,-56.0474,124.23,791.37,235.615,602.868,-84.8825,253.928,
0,0,0,0,0,0,0,0,0,0,0,0,0,0,0,0,0,0,0,0,0,0,0,0,0,0,0,0,0,0,0,0,0,0,0,0,0,0,0,0,0.13372,0,0,0,0,0,0,0,0,0,0,0,0,0,0,0,0,0,0,0,0,0,0,0,0,0,0,0,0,0,0,0,
-16.133,0,28.1499,0,27.1052,0,-2.38519,0,0,1.28529,52.6907,-8.81421,-140.211,-146.858,-62.0757,-77.4399,-81.9463,-52.3812,-40.3547,-40.5642,-62.3425,26.5315,15.2186,-8.49817,0.095581,31.9186,206.021,202.168,76.9103,45.471,25.7048,-94.8614,-11.7237,10.0886,-29.202,-14.6188,-30.0922,-5.11658,-12.4692,0.119201,0,42.0808,25.4174,336.549,90.7648,254.601,-208.737,88.8221,-169.528,72.8524,-225.469,-178.463,-148.523,-112.117,-228.215,-467.202,11.6087,22.6864,492.714,668.583,892.369,765.142,645.323,494.191,530.24,515.218,271.987,88.3922,-29.9676,-238.453,302.086,25.98,
226.682,0,569.407,0,-69.134,0,332.266,0,0,104.409,-40.0458,1082.76,1907.66,1256.68,614.088,837.021,550.746,448.64,-19.6859,-8.03846,402.616,-304.965,-46.4377,133.618,-1.153,437.814,1012.97,198.233,1099.25,926.258,-499.628,941.399,112.46,-193.124,394.558,44.9773,277.509,56.8608,-30.086,256.788,0,25.4174,2896.09,5395.01,11878.2,7208.93,13340.8,8223.99,4713.57,4474.99,1606.53,364.895,2119.47,2168.78,2827.37,1639.44,37.0427,72.8819,3364.24,6596.23,6969.65,7415.01,6098.38,8883.34,4718.49,695.179,890.063,3280.55,1426.61,2741.03,-1296.44,1237.72,
639.893,0,3646.01,0,926.699,0,1388.84,0,0,-57.7506,3765.59,7028.01,7254.03,3504.09,4132.55,1869.7,-253.829,2077.47,-35.4744,-385.927,-723.791,67.4381,621.139,-71.1441,0.867437,2633.5,15577.1,12722.4,9503.31,3997.48,2952.25,674.192,1199.6,-173.552,-93.3931,-47.2163,-285.764,-75.6511,-36.7249,282.189,0,336.549,5395.01,51286.4,66909.5,87203.5,88016.8,89999.6,73803.9,59722.3,38298,30322.6,19420.6,10113.4,6738.54,13008.8,170.17,1340.04,32364.4,56130.7,65919.9,58991.9,57071.6,52219.1,34338.7,34773.9,21758.7,13698.5,11939.1,5049.28,6789.79,8217.82,
3963.17,0,5912.97,0,-5.50855,0,4986.32,0,0,629.53,3457.86,19173.8,24362.2,18740.5,12862.9,10587,7648.83,2067.65,2491.39,841.312,3890.82,-792.62,-466.938,2443,-0.0846985,3244.68,16734.8,14296.5,14226,10553.5,1138.13,7742.4,503.628,-853.247,1969.49,1014.74,1183.33,-243.586,203.79,858.527,0,90.7648,11878.2,66909.5,177029,172364,223677,199996,175315,140929,101504,79619.2,55287.8,35686.6,37115.9,58277.7,331.069,736.024,35772.7,72203,76230.9,81083.9,82499.7,79608.3,44506.3,30815.4,27498,31762.7,19412.2,18929.2,-4544.31,9631.28,
3962.85,0,6958.83,0,1195.74,0,6673.99,0,0,66.3076,8144.6,23215.8,26236.8,21435,17847.6,10163.9,5643.5,3144.73,4156.98,1643.85,1112.92,862.198,746.5,2279.39,7.40885,3891.63,28165,28399.8,19217.1,11607.3,7759.11,4586.43,815.883,470.732,73.1545,798.265,-282.772,-287.897,180.834,-248.864,0,254.601,7208.93,87203.5,172364,254901,262246,264523,239907,188268,150255,114181,74040.4,39739.7,34274.4,75836.2,361.46,1592.92,51028.3,98972.2,111522,101290,107007,85756.4,54273.9,63264.4,45644,26360.5,26104.4,12272,9484.04,14633.8,
6334.91,0,7762.59,0,-581.186,0,10632.6,0,0,578.533,5959.37,31155.4,43533.9,35575.1,23697.7,21771.7,15019.9,5986.08,6557.18,4105.23,6192.41,-913.844,348.934,5400.14,-6.81613,3439.36,23351.9,22512.9,22827,17069.4,3309.46,14017.8,980.974,38.2547,2631.2,1411.19,1923.9,14.404,220.286,1379.25,0,-208.737,13340.8,88016.8,223677,262246,377767,314282,290064,236315,189230,146713,111172,65916,71683.6,122912,456.686,762.062,31755.2,85244.5,90321,91679.8,90861,98796.6,43166,44676.7,41991.6,41469,32315.6,32580.5,-4843.83,14068.6,
4216.82,0,7049.88,0,1459.79,0,8026.42,0,0,327.52,9293.93,28090.6,35167.4,29114.1,24463.7,15747.8,10898.7,6552.2,6288.1,2906.39,3069.87,975.201,1063.43,3535.72,4.21816,5324.3,34654.1,33903.7,25894.1,17291.1,9638.62,8435.02,2321.5,1336.76,1438.46,1339.67,603.58,28.2986,267.885,375.139,0,88.8221,8223.99,89999.6,199996,264523,314282,338181,293753,243693,194382,152954,107556,63930.9,55209.1,118614,301.602,1319.97,43285.2,95871,113989,113268,123065,111238,70960.7,71800.1,58359.7,43549.1,34788.2,22964.6,10688.8,26845.3,
4486.23,0,5683.41,0,1229.38,0,8245.85,0,0,167.974,8209.92,26302.5,35056.1,30427,24789,16985.9,12606.8,6617.61,7366.99,4169.7,3936.01,1326.76,964.558,4117.02,3.60398,3757.52,27998.7,29539.6,22557.1,15480.8,10030.7,8979.2,2329.05,1821.75,1341.63,1532.98,746.694,61.0879,599.007,37.68,0,-169.528,4713.57,73803.9,175315,239907,290064,293753,300091,231687,196533,156883,108662,64845.6,57654.2,131838,50.4671,677.286,30452.3,70837.6,83304.7,83470.6,97080.1,84030,52164.9,62408.7,53366.1,38150.2,33588.9,23302.2,8407.72,24568,
3278.2,0,3227.51,0,892.315,0,7240.47,0,0,88.4228,6814.57,22198.6,29180,25908.5,21886,15598.4,11711.2,7942.08,6725.23,3189.71,2854.67,2229.03,797.658,4860.57,3.10424,2573.11,23063.4,25976.7,21047.6,15017.7,7928.8,7468.58,2018.36,2498.11,1383.8,1093.71,745.393,168.983,308.697,702.234,0,72.8524,4474.99,59722.3,140929,188268,236315,243693,231687,229656,168508,142338,104327,68454.6,57099.5,128944,158.092,443.512,23564.7,54247.8,67398.5,67214.5,82901.4,78337.6,47678.8,46968.7,46730.1,42929.8,25910.4,21647.8,12594.1,23643.4,
3288.35,0,1878.35,0,591.617,0,7129.3,0,0,218.377,4996.71,18246.1,26746.2,26130.1,20237.6,14419.6,11754.6,6832.84,7284.09,4476.89,3505.78,1719.69,668.019,4410.03,1.84028,1639.73,14090.1,18460.2,14293.5,11878.3,7607.21,7555.96,1433.74,2506.18,1370.39,1241.32,988.731,369.925,390.414,-7.60293,0,-225.469,1606.53,38298,101504,150255,189230,194382,196533,168508,168573,120654,91805.5,58289.1,51381.6,125130,-33.0925,-120.688,8660.44,28509,39375.9,33811.8,48244.9,43301.3,27412.6,37738.9,38723.1,29697.5,24506.4,20177.4,7670.14,22138.2,
2337.48,0,1049.83,0,451.677,0,5280.95,0,0,-94.8418,4398.07,14258.9,20753.8,19057.3,15859.8,12074.4,9805.83,5814.41,5736.87,3428.57,2932.14,1780.94,646.112,3716.9,0.861717,660.527,12492,15694.2,13207.5,9562.34,6732.93,6033.94,2060.86,2278.71,925.545,986.694,640.939,134.652,559.302,214.175,0,-178.463,364.895,30322.6,79619.2,114181,146713,152954,156883,142338,120654,116773,74983.5,50037.5,43234.5,103744,-105.362,63.292,9775.59,24157.7,28556.5,31368.5,42018.4,37910.8,23538.7,30675.4,32397.2,27914.3,19619.8,17217.9,8196.7,17273.9,
1667.68,0,149.992,0,149.667,0,4895.75,0,0,143.519,2586.62,10681.6,17420.3,16539.3,12725.2,10594,8673.14,5562.71,4835.15,3240.86,2684.98,1009.44,627.398,3343.68,-2.88351,714.712,7306.83,9331.06,9897.11,8141.41,3872.96,6118.43,1456.87,1962.05,1423.78,690.663,1065.31,485.805,207.534,640.594,0,-148.523,2119.47,19420.6,55287.8,74040.4,111172,107556,108662,104327,91805.5,74983.5,70446.2,42263.4,37961,87541.2,2.76039,5.80845,-416.822,10811,16559.6,15883.6,22322.4,30426.7,15912.9,18047.9,23086.3,24245.2,15908,17853.4,5089.66,16248.5,
1124.85,0,-46.6675,0,82.2543,0,2966.02,0,0,205.657,1432.43,7515.63,12967,11842.1,9261.89,7920.26,6819.63,4937.16,3325.44,1956.21,2371.11,798.718,116.676,2658.46,-2.48684,723.506,4943.72,6261,7491.27,6599.03,2354.65,4917.54,1382.53,1384.13,1490.73,627.074,1052.44,328.876,221.732,682.651,0,-112.117,2168.78,10113.4,35686.6,39739.7,65916,63930.9,64845.6,68454.6,58289.1,50037.5,42263.4,38184.2,28724.3,62342.4,-38.6226,-225.018,185.273,5030.27,8948.16,10491.5,14802,21501.2,13595.8,7930.99,14576.3,20757.4,9557.26,13897.8,2279.82,11986.8,
1732.11,0,183.454,0,-744.549,0,3263.32,0,0,217.232,81.1115,7374.52,14008,12404.6,7308.63,8671.95,6890.12,4367.43,2967.63,2060.68,2947.94,86.4574,-179.429,3004.96,-6.10157,-302.322,-49.708,811.32,4849.64,5181.93,-180.237,5839.46,643.065,731.553,1510.31,624.01,1268.6,210.217,163.315,756.275,0,-228.215,2827.37,6738.54,37115.9,34274.4,71683.6,55209.1,57654.2,57099.5,51381.6,43234.5,37961,28724.3,34861.1,55584.6,6.05856,-476.483,-4660.7,-1139.84,-1685.56,-505.436,877.865,11273.8,-495.785,-1915.97,8158.05,15558.7,7155.16,13833.8,-3035.1,5488.36,
2364.02,0,-3243.81,0,-3.44145,0,7235.92,0,0,195.796,1739.68,10958.9,22507.6,24868.5,17760.9,14470.3,14040.6,8164.45,8501.51,6268,5309.6,2007.68,622.17,5682.89,-3.16503,-1300.53,-1821.97,4061.36,6583.5,8277.52,5377.99,9385.99,1733.65,3855.1,2337.07,1245.92,2151.27,960.833,794.139,572.598,0,-467.202,1639.44,13008.8,58277.7,75836.2,122912,118614,131838,128944,125130,103744,87541.2,62342.4,55584.6,161297,-389.904,-696.301,-7686.89,-8561.89,-10084.2,-13985,2288.76,10290.8,-467.248,4709.09,22171.5,29125.9,19230.2,28267.5,3757.33,26745.3,
12.233,0,46.0465,0,-4.01039,0,23.1826,0,0,6.2722,12.157,79.3515,-4.60987,-32.6121,-42.0205,9.63772,-30.2603,-59.3067,-27.9782,-29.2526,-19.1808,1.76822,2.73779,14.6172,-0.00543913,16.2841,84.6514,78.3867,57.6526,55.8699,-39.5996,-13.9474,-31.7755,-10.4916,-10.1837,-7.09421,-13.169,-6.14856,-13.6263,7.40551,0,11.6087,37.0427,170.17,331.069,361.46,456.686,301.602,50.4671,158.092,-33.0925,-105.362,2.76039,-38.6226,6.05856,-389.904,37.5161,17.267,152.732,370.814,469.559,390.517,185.027,226.168,154.942,179.616,92.4179,36.5459,-60.1453,-141.94,86.6956,-151.945,
-49.5788,0,90.9252,0,60.4968,0,-22.5179,0,0,-8.68899,164.313,54.757,-139.342,-289.325,-96.6391,-132.215,-165.011,-47.084,-95.1798,-43.1324,-102.778,8.46441,59.7161,-67.6575,0.000526607,106.258,618.585,473.546,318.986,32.9556,153.25,-94.5728,64.3132,1.60566,-46.9211,-28.4527,-49.1091,-1.76819,-7.95372,6.36081,0,22.6864,72.8819,1340.04,736.024,1592.92,762.062,1319.97,677.286,443.512,-120.688,63.292,5.80845,-225.018,-476.483,-696.301,17.267,215.666,1153.91,2040.16,2408.79,2173.19,1618.88,1554.71,1314.5,1675.24,816.572,243.862,342.799,-77.3832,545.054,190.07,
206.071,0,3323.08,0,1360.77,0,296.574,0,0,-105.782,3736.27,3783.59,1862.58,-589.314,1924.72,-868.028,-2029.33,1013.19,-610.79,-1020.2,-1537.04,732.839,612.871,-523.924,3.5629,2166.49,14767.5,12849.6,7500.54,2911.52,3678.44,-1906.4,1238.59,53.1283,-678.898,-116.395,-780.028,-244.626,-1.21347,-118.365,0,492.714,3364.24,32364.4,35772.7,51028.3,31755.2,43285.2,30452.3,23564.7,8660.44,9775.59,-416.822,185.273,-4660.7,-7686.89,152.732,1153.91,42518.5,56425.8,63690.2,58417.2,54638.6,40292.7,34001.8,31946,19048.4,7496.61,6264.16,-2736.42,9797.22,6143.14,
460.16,0,6325.9,0,1740.36,0,1371.52,0,0,-9.5148,6229.47,8374.67,6808.97,1274.88,4432.67,772.719,-2209.61,1820.8,-926.619,-1305.76,-1870.92,407.209,1225.28,-816.89,2.48016,4449.1,26851.7,21919.1,15307.1,6677.32,5717.68,-1051.99,2349.39,-204.158,-452.921,-142.738,-863.866,-181.053,-154.25,249.845,0,668.583,6596.23,56130.7,72203,98972.2,85244.5,95871,70837.6,54247.8,28509,24157.7,10811,5030.27,-1139.84,-8561.89,370.814,2040.16,56425.8,103510,110386,104626,95647.5,81810.8,63200.8,58259.5,35306.2,17873.4,15837.2,1089.23,14496.5,12427.9,
-236.209,0,7442.91,0,2639.38,0,1161.54,0,0,142.287,8066.28,9188.07,6840.26,617.486,5561.91,238.333,-3188.18,3574.15,-1391.24,-1903.72,-3090.05,746.726,1646.53,-1263.81,2.72547,6553.08,36301.5,29505.9,20357.1,9490.84,7788.23,-2079.63,3349.33,183.083,-415.491,-330.82,-1156.35,-41.556,-409.357,391.624,0,892.369,6969.65,65919.9,76230.9,111522,90321,113989,83304.7,67398.5,39375.9,28556.5,16559.6,8948.16,-1685.56,-10084.2,469.559,2408.79,63690.2,110386,151941,130362,121205,107654,87433.3,79949.8,49816.8,26087.8,21318.6,816.795,21901.9,20505.8,
-357.761,0,7702.21,0,2727.84,0,674.661,0,0,303.675,8275.88,9990.92,8092.61,600.237,6537.97,1366.26,-1269.27,1978.07,-1698.58,-1835.66,-1593.4,271.001,1571.38,-1806.03,2.0584,7565.51,39452.1,31830.8,23126.6,11630.9,8333.6,-607.793,4265.54,-55.2256,288.136,-36.7145,-765.145,-46.7899,-178.817,691.483,0,765.142,7415.01,58991.9,81083.9,101290,91679.8,113268,83470.6,67214.5,33811.8,31368.5,15883.6,10491.5,-505.436,-13985,390.517,2173.19,58417.2,104626,130362,148989,125727,116918,97846.1,78995.8,49308.1,32300,23553.7,4320.67,18798.5,22487.3,
-312.791,0,6821.49,0,2671.31,0,501.364,0,0,188.71,7770.25,9669.07,7703.16,2771.55,8735.49,1110.95,-830.971,3253.35,-704.426,-1449.72,-1862.53,842.32,1290.71,-1478.56,5.67073,6842.27,36636.5,30706.2,21431.2,10603,9107.91,-1128.31,3922.08,277.584,414.899,12.4894,-738.974,78.9817,-30.6899,470.552,0,645.323,6098.38,57071.6,82499.7,107007,90861,123065,97080.1,82901.4,48244.9,42018.4,22322.4,14802,877.865,2288.76,185.027,1618.88,54638.6,95647.5,121205,125727,139386,112417,93883.6,73649,48640.6,33040.9,23307,5129.33,19712,26237.8,
-705.298,0,6020.49,0,1975.34,0,1123.66,0,0,379.011,6395.37,8931.89,10332.8,3822.22,7959.29,3738.93,1217.25,4285.23,-781.129,-791.254,-462.087,-266.272,1444.79,-970.185,-2.48774,6939.87,34007.2,25858.2,22214,11734.8,6475.56,2103.62,4395.06,211.089,1572.59,-39.2038,256.21,461.073,-151.994,1455.87,0,494.191,8883.34,52219.1,79608.3,85756.4,98796.6,111238,84030,78337.6,43301.3,37910.8,30426.7,21501.2,11273.8,10290.8,226.168,1554.71,40292.7,81810.8,107654,116918,112417,129645,90644.3,64876.7,44751.6,39811.7,25615.5,14690,14897.2,28136.2,
-1377.05,0,4213.25,0,2433.66,0,-140.983,0,0,426.796,5966.41,5331.29,3673.23,-214.058,5989.64,139.274,-121.714,1738.64,-924.425,-1081.89,-935.228,458.575,1258.91,-1714.8,2.81093,6503.98,29955.6,24680.4,17695.7,9784.08,7532.76,-378.007,3764.88,648.962,878.042,63.8157,-243.506,326.122,-83.0358,625.057,0,530.24,4718.49,34338.7,44506.3,54273.9,43166,70960.7,52164.9,47678.8,27412.6,23538.7,15912.9,13595.8,-495.785,-467.248,154.942,1314.5,34001.8,63200.8,87433.3,97846.1,93883.6,90644.3,90884.1,59575.2,39185.9,30818.2,20199.8,6744.47,16144.9,25955,
-829.77,0,4273.15,0,2416.83,0,915.225,0,0,-4.38413,6439.57,4924.57,3077.89,-489.562,4585.99,310.859,-1049.42,1255,-333.566,-128.905,-1809.27,960.956,1805.33,-1332.17,1.62342,4709.53,26821.2,23275.2,15003.6,6983.82,8476.19,-1578.38,3156.33,971.499,-567.704,-97.9283,-1037.98,112.101,-75.8138,-56.0474,0,515.218,695.179,34773.9,30815.4,63264.4,44676.7,71800.1,62408.7,46968.7,37738.9,30675.4,18047.9,7930.99,-1915.97,4709.09,179.616,1675.24,31946,58259.5,79949.8,78995.8,73649,64876.7,59575.2,71270.7,38858.9,17396.9,18943.5,417.637,18929.5,18930.3,
-314.771,0,1784.16,0,1258.14,0,1058.5,0,0,85.3279,3893.15,4647.68,5300.36,2917.82,4802.98,2114.88,1044.35,2476.22,693.526,274.656,-539.06,844.892,866.8,187.847,0.439181,2622.85,15866.7,14134.1,10080.3,5638.77,5076.09,240.581,2038.81,999.183,32.5003,100.676,-289.732,124.802,-26.0886,124.23,0,271.987,890.063,21758.7,27498,45644,41991.6,58359.7,53366.1,46730.1,38723.1,32397.2,23086.3,14576.3,8158.05,22171.5,92.4179,816.572,19048.4,35306.2,49816.8,49308.1,48640.6,44751.6,39185.9,38858.9,34162.9,17231.7,13564.2,4093.74,12190.8,15035.4,
-140.107,0,451.546,0,379.601,0,952.617,0,0,280.467,1627.12,4201.55,6490.44,4410.36,4564.39,3637.78,3208.41,2684.86,693.344,361.391,1105.76,241.882,162.943,800.003,-2.2006,1886.1,8803.99,7151.75,8052.06,5426,1860.39,2582.96,1639.99,628.798,1232.68,186.797,625.624,260.899,66.2849,791.37,0,88.3922,3280.55,13698.5,31762.7,26360.5,41469,43549.1,38150.2,42929.8,29697.5,27914.3,24245.2,20757.4,15558.7,29125.9,36.5459,243.862,7496.61,17873.4,26087.8,32300,33040.9,39811.7,30818.2,17396.9,17231.7,27085.7,10026.9,10911.6,4591.54,12870.8,
84.512,0,1224.82,0,557.399,0,1217.87,0,0,80.5587,1806.64,2807.85,4660.2,3654.04,3871.91,2463.17,1954.25,1366.57,1020.2,985.84,739.764,2.13574,652.959,49.8492,-0.910607,1609.88,7827.74,6449.27,5671.21,3320.15,3035.59,1855.52,1538.65,553.57,585.173,235.604,285.567,288.172,145.376,235.615,0,-29.9676,1426.61,11939.1,19412.2,26104.4,32315.6,34788.2,33588.9,25910.4,24506.4,19619.8,15908,9557.26,7155.16,19230.2,-60.1453,342.799,6264.16,15837.2,21318.6,23553.7,23307,25615.5,20199.8,18943.5,13564.2,10026.9,13845.2,6962.97,3493.48,10820.4,
334.573,0,-128.127,0,-290.144,0,1252.31,0,0,140.555,-93.2701,2515.51,6489.71,5728.93,3796.62,3908.79,3582.93,2262.42,1278.36,1316.16,1903.13,-480.098,43.2058,769.334,-3.70986,456.111,658.817,-289.552,2958.95,2213.78,349.233,3761.29,1059.65,261.402,1302.27,300.174,1010.27,350.73,235.893,602.868,0,-238.453,2741.03,5049.28,18929.2,12272,32580.5,22964.6,23302.2,21647.8,20177.4,17217.9,17853.4,13897.8,13833.8,28267.5,-141.94,-77.3832,-2736.42,1089.23,816.795,4320.67,5129.33,14690,6744.47,417.637,4093.74,10911.6,6962.97,14703.2,-3133.63,7407.48,
-760.463,0,171.308,0,959.541,0,195.082,0,0,-126.075,2179.51,-243.32,-2219.2,-2063.44,654.271,-1187.62,-1236.59,323.836,-81.7149,-166.466,-1532.08,1031.8,718.661,-186.751,1.98646,870.394,7275.49,7408.72,3731.43,1463.39,3048.94,-2124.81,719.47,878.275,-646.882,-280.358,-696.703,76.4446,-92.5501,-84.8825,0,302.086,-1296.44,6789.79,-4544.31,9484.04,-4843.83,10688.8,8407.72,12594.1,7670.14,8196.7,5089.66,2279.82,-3035.1,3757.33,86.6956,545.054,9797.22,14496.5,21901.9,18798.5,19712,14897.2,16144.9,18929.5,12190.8,4591.54,3493.48,-3133.63,11711.1,6557.76,
-576.986,0,170.094,0,1098.81,0,1066.16,0,0,150.938,2039.14,1052.51,2841.63,3249.78,4776.46,1478.46,1872.78,2195.16,1459.12,1179.16,479.549,503.564,797.433,-38.4273,0.759228,2023.28,8706.71,7583.05,5766.75,3989.17,4177.8,1148.17,1878.35,1298.1,825.138,217.497,417.871,551.08,130.139,253.928,0,25.98,1237.72,8217.82,9631.28,14633.8,14068.6,26845.3,24568,23643.4,22138.2,17273.9,16248.5,11986.8,5488.36,26745.3,-151.945,190.07,6143.14,12427.9,20505.8,22487.3,26237.8,28136.2,25955,18930.3,15035.4,12870.8,10820.4,7407.48,6557.76,20716.2,
