data: 40,0,164,0,16,0,153,0,0,12,137,327,360,349,272,178,130,91,67,46,35,18,13,40,0,182,813,723,445,272,219,125,82,47,26,23,18,10,8,13,0,0,84,927,2206,3102,3628,3540,3003,2483,1893,1371,918,612,400,816,6,20,986,2172,2687,2680,2366,2099,1700,1341,1013,717,503,315,221,399,
pred: 109.737,0,263.934,0,101.236,0,251.643,0,0,6.76225,155.84,385.575,506.735,450.97,392.009,279.703,212.553,137.53,96.4089,68.6785,50.4279,34.8312,29.6951,55.6585,0.0379363,137.282,664.566,643.06,520.966,346.829,240.763,156.761,95.1739,56.1824,39.0611,23.1051,17.8143,10.6345,9.28063,22.0934,0,2.45408,110.944,947.363,2050.5,2869.86,3291.44,3306.56,2948.51,2467.95,1954.31,1555.68,1101.46,772.264,557.485,1308.27,3.94937,15.8788,828.425,1703.67,1996.67,1963.85,1895.31,1652.9,1320.8,1094.4,850.088,643.636,477.826,330.791,223.324,499.924,
cov:
1670.54,0,1900.23,0,573.115,0,1837.9,0,0,20.6676,128.635,1636.57,2493.74,2459.8,1472.74,1502.36,1171.92,275.981,516.193,306.658,474.163,9.56726,-73.4509,400.409,0.0278345,-41.3424,56.0029,519.949,727.8,889.059,30.11,790.391,-22.0488,13.6392,151.051,123.755,124.117,-25.247,38.0422,23.2278,0,-30.6292,317.257,446.121,5356.39,4590.44,8368.23,4850.33,5325.04,3585.34,3779.9,2560.93,1768.67,1187.35,2363.82,2860.96,13.2435,-95.5213,-416.527,-655.986,-2091.33,-2126.64,-2068.43,-2384.96,-3178.16,-2431.97,-1183.78,-583.125,-375.181,411.623,-1544.03,-1354.7,
0,1e-06,0,0,0,0,0,0,0,0,0,0,0,0,0,0,0,0,0,0,0,0,0,0,0,0,0,0,0,0,0,0,0,0,0,0,0,0,0,0,0,0,0,0,0,0,0,0,0,0,0,0,0,0,0,0,0,0,0,0,0,0,0,0,0,0,0,0,0,0,0,0,
1900.23,0,5312.94,0,1895.55,0,2748.25,0,0,31.2438,827.286,2458.82,3239.79,2519.67,2278.79,1878.26,1034.27,613.748,226.437,137.186,204.721,-8.92566,148.523,56.3989,0.187433,911.134,4291.74,4098.69,3499.16,2058.85,1215.94,897.353,562.014,-15.6395,190.439,94.2858,6.68501,-7.81272,31.3221,135.594,0,33.8556,666.787,3868.44,6422.55,7020.94,7812.67,6745.11,5080.27,2495.31,765.249,-32.7511,-752.047,-715.689,-245.329,-4520.28,49.8347,88.9913,3142.48,5786.25,6468.34,6955.07,5924.6,5215.97,3352.95,3299.86,1002.64,-32.0299,565.825,-461.512,-177.253,-474.229,
0,0,0,1e-06,0,0,0,0,0,0,0,0,0,0,0,0,0,0,0,0,0,0,0,0,0,0,0,0,0,0,0,0,0,0,0,0,0,0,0,0,0,0,0,0,0,0,0,0,0,0,0,0,0,0,0,0,0,0,0,0,0,0,0,0,0,0,0,0,0,0,0,0,
573.115,0,1895.55,0,1724.81,0,1052.41,0,0,23.252,524.874,374.097,380.648,395.652,895.379,281.75,217.223,330.549,85.7605,57.3229,-134.62,171.681,130.959,-155.385,0.40219,432.052,2191.65,2331.07,1321.73,652.086,1010.55,-118.379,253.944,169.854,-54.6891,-1.37242,-107.152,24.4601,17.3783,-24.0452,0,43.7254,-156.069,1072.9,-828.382,800.403,-2456.28,688.128,272.577,-141.119,-557.512,-548.309,-758.379,-695.397,-1773.75,-1487.89,-3.91951,93.6599,1640.17,1891.77,2936.68,3101.3,2957.99,1898.63,2802.45,2833.55,1244.29,24.4163,280.999,-847.959,1305.47,1041.53,
0,0,0,0,0,1e-06,0,0,0,0,0,0,0,0,0,0,0,0,0,0,0,0,0,0,0,0,0,0,0,0,0,0,0,0,0,0,0,0,0,0,0,0,0,0,0,0,0,0,0,0,0,0,0,0,0,0,0,0,0,0,0,0,0,0,0,0,0,0,0,0,0,0,
1837.9,0,2748.25,0,1052.41,0,4892.87,0,0,44.2852,543.174,2521.25,3919.46,4234.51,2897.48,2628.41,2014.39,627.85,1054.11,806.413,718.324,127.026,141.283,631.941,-0.42059,201.824,1402.82,2314.33,2405.09,2262.7,922.251,1417.51,198.747,377.592,297.537,137.553,211.682,104.345,40.6043,144.745,0,-19.5854,520.13,877.264,6136.29,6916.32,13110.1,8202.2,8561,6971.7,7521.87,4803.05,5193.35,2791.66,3916.65,8087.11,29.687,-78.5269,-1089,-528.167,-1561.83,-2163.95,-2217.78,-920.279,-2457.65,-1213.33,-280.067,310.359,775.658,1548.81,-714.426,420.857,
0,0,0,0,0,0,0,1e-06,0,0,0,0,0,0,0,0,0,0,0,0,0,0,0,0,0,0,0,0,0,0,0,0,0,0,0,0,0,0,0,0,0,0,0,0,0,0,0,0,0,0,0,0,0,0,0,0,0,0,0,0,0,0,0,0,0,0,0,0,0,0,0,0,
0,0,0,0,0,0,0,0,0.13372,0,0,0,0,0,0,0,0,0,0,0,0,0,0,0,0,0,0,0,0,0,0,0,0,0,0,0,0,0,0,0,0,0,0,0,0,0,0,0,0,0,0,0,0,0,0,0,0,0,0,0,0,0,0,0,0,0,0,0,0,0,0,0,
20.6676,0,31.2438,0,23.252,0,44.2852,0,0,29.0222,40.8515,110.566,93.473,126.928,100.185,56.4911,39.8432,16.7216,27.0417,4.26042,3.96127,18.5618,-0.389841,13.6928,0.0945765,33.3583,150.489,187.159,85.8656,102.955,52.6228,6.79355,-8.17932,16.1642,1.75289,5.50648,-5.18925,0.123001,-4.67169,-8.92274,0,4.90939,-6.24136,49.0399,258.534,387.898,253.994,448.645,368.275,280.971,350.842,132.738,104.751,72.7922,12.384,114.923,4.94937,-0.61175,117.402,190.998,330.676,269.307,292.113,117.046,254.685,226.482,190.089,67.3146,25.4428,-84.6723,83.5545,73.5191,
128.635,0,827.286,0,524.874,0,543.174,0,0,40.8515,1732.24,2363.89,2927.82,2310.95,2437.04,1464.73,907.849,773.839,445.346,271.711,16.1856,221.012,232.235,79.6429,0.35839,783.128,4834.47,4982.85,3249.27,1849.02,1599.39,296.331,477.277,281.892,1.25505,42.0636,-72.2767,21.9876,22.0665,17.3458,0,43.7348,12.4914,3575.42,3999.61,8488.49,7208.01,9744.17,8791.82,7234.39,5665.55,4830.68,3085.29,1783.04,659.61,2493.91,16.1037,140.326,3279.95,5755.43,7363.27,7639.4,7100.3,6057.09,5412.62,5917.43,3748.06,1715.71,1804.19,143.909,1903.19,1883.8,
1636.57,0,2458.82,0,374.097,0,2521.25,0,0,110.566,2363.89,8827.04,10252,8784.06,7034.23,5371.13,3805.98,1910.49,1581.93,895.211,1028.85,221.546,146.443,932.515,0.447184,1505.91,8512.7,9279.69,7436.39,5237.72,2289.37,2339.5,756.16,356.195,529.195,328.036,245.925,14.5883,51.9857,207.878,0,-11.8257,1134.7,7082.92,19359.2,22986,31320.1,28186.3,26174.1,22216.4,18135.2,14077.6,10648.3,7587.12,7361.58,10633.7,80.6358,61.1765,3675.32,8476.13,9430.19,10516.9,10146.3,9698.67,6011.99,5172.85,4803.15,4549.93,2957.65,2735.49,-229.662,1254.05,
2493.74,0,3239.79,0,380.648,0,3919.46,0,0,93.473,2927.82,10252,16978,13311.8,10184.8,8219.52,6113.4,3106.5,2594.54,1694.61,1938.58,215.929,175.915,1546.46,-2.00307,1780.52,10339.2,11055.1,10067.6,7231.06,3063.97,4141.43,1519.19,599.288,1018.17,529.474,642.065,116.858,165.037,405.618,0,-125.973,1793.89,7889.36,24743.6,27402.1,43785.6,36338.1,36020.6,30085.5,26982.9,21398.7,17270.4,12932,13777.2,21722.2,-2.69682,-114.161,2645.58,7677.88,8137.56,9491.58,9130.17,11107.3,4644.33,4152.4,5981.41,6737.67,4724.5,6271.56,-1857.92,2811.67,
2459.8,0,2519.67,0,395.652,0,4234.51,0,0,126.928,2310.95,8784.06,13311.8,14003.8,9517.9,7407.06,5818.7,2714.86,2850.1,1880.26,1816.1,390.609,158.837,1573.55,-0.12425,1220.87,7201.78,8997.46,7806.01,6378.64,3038.29,3666.04,1001.08,821.007,901.19,522.856,599.414,182.571,157.486,209.053,0,-123.988,1108.76,4136.2,19083.5,23131.5,36204.5,30741.2,31796.1,26623.4,26768.2,19527.7,16321.8,11611.8,12065.2,24012.9,-22.6458,-263.649,167.457,2297.6,2051.24,1924.84,4076.31,4234.27,764.454,958.47,3791.66,4422.15,3689.44,5241.05,-1585.29,3243.88,
1472.74,0,2278.79,0,895.379,0,2897.48,0,0,100.185,2437.04,7034.23,10184.8,9517.9,9409.82,5703.25,4395.52,2541.15,2186.62,1333.71,1115.72,517.951,326.751,976.1,1.01501,1463.3,8743.66,10187.7,8003.77,5751.46,3648.63,2527.34,1227.96,821.185,623.735,379.874,293.726,153.818,144.461,200.586,0,-41.1741,591.801,5012.17,13842.3,19422.2,24918.5,26046.5,25937.3,23350.9,20472.3,16653.9,12731.1,9447.2,7430.75,16881.5,-24.1227,-59.638,2806.18,5709.09,7089.56,8214.74,10140.8,9051.47,6851.32,5430.12,5438.32,5026.18,3744.56,3526.59,1055.72,4396.27,
1502.36,0,1878.26,0,281.75,0,2628.41,0,0,56.4911,1464.73,5371.13,8219.52,7407.06,5703.25,5884.18,3747.02,1827.23,1613.8,1078.12,1181.09,262.041,185.903,1055.04,-0.952612,798.229,5034.76,5916.45,5644.87,4338.69,1833.13,2426.98,832.572,529.661,567.499,300.608,350.545,91.3118,91.2138,281.058,0,-40.8893,696.304,2390.95,11071.8,11819.9,21995,17284.1,18016.9,16818.9,15064.6,12499.8,10450,7868.13,8265.02,13604.9,33.4431,-99.2383,-45.9756,1789.41,1897.39,2804.8,2633.2,4378.96,1388,1524.85,2943.62,3857.94,2284.56,3202.65,-506.212,1429.04,
1171.92,0,1034.27,0,217.223,0,2014.39,0,0,39.8432,907.849,3805.98,6113.4,5818.7,4395.52,3747.02,3989.51,1276.83,1355.39,1011.94,1192.51,172.837,92.4685,808.878,-0.767533,486.766,2749.47,3632.92,3668.25,3172.48,1391.43,2005.35,641.76,465.39,549.933,290.956,369.57,99.6939,126.407,183.601,0,-75.7486,487.66,168.687,8344.4,6904.15,15846.5,12177.7,13668.7,12416,12259.1,10233.8,8550.17,6766.2,6832.63,13588.5,-24.5486,-158.914,-1621.8,-1699.49,-2495.13,-562.834,-67.2579,1363.66,323.604,-507.885,1446.49,3241.28,1896.2,3372.77,-1143.02,1754.48,
275.981,0,613.748,0,330.549,0,627.85,0,0,16.7216,773.839,1910.49,3106.5,2714.86,2541.15,1827.23,1276.83,1666.62,641.019,364.284,208.149,274.136,114.527,411.96,-0.142934,434.546,2923.91,3229.63,2760.22,1771.17,1208.57,731.008,579.383,347.075,187.138,85.7938,97.2118,55.1333,50.4286,115.067,0,1.07406,115.65,1847.77,2706.74,4622.77,5712.96,7414.42,7495.19,8714.99,6896.19,6401.36,5070.57,4336.23,3154.99,7268.64,-17.6227,-0.162661,1480.97,2214.78,3608.81,3227.45,4133.6,4029.73,2990.13,2520.12,2805.02,2700.36,1192.27,1280.33,1217.59,2034.68,
516.193,0,226.437,0,85.7605,0,1054.11,0,0,27.0417,445.346,1581.93,2594.54,2850.1,2186.62,1613.8,1355.39,641.019,1273.7,538.32,441.581,203.556,87.6891,449.102,0.340112,72.4251,950.602,1655.66,1291.67,1297.08,840.286,760.441,192.209,347.075,161.114,151.288,134.854,70.8645,48.7313,-2.19602,0,-34.3759,-9.85737,192.249,2747.5,4768.96,7187.18,6943.82,7855.67,7326.89,7667.97,6082.06,5045.75,3436.56,3147.06,8574.64,-21.9914,-88.3393,-474.16,-726.392,-1117.57,-1497.47,-514.22,-661.969,-902.501,-190.641,873.556,749.739,992.329,1229.73,23.1452,1377.8,
306.658,0,137.186,0,57.3229,0,806.413,0,0,4.26042,271.711,895.211,1694.61,1880.26,1333.71,1078.12,1011.94,364.284,538.32,768.561,381.871,72.4487,98.6888,261.978,-0.199198,51.1745,484.832,819.45,842.507,771.937,585.362,652.522,225.639,226.291,155.059,84.1819,128.46,79.061,60.0616,34.5276,0,-41.0645,16.2153,-252.933,1227.39,2051.82,4560.76,3393.34,4590.27,3525.27,4656.58,3611.52,3309.85,2073.9,2187.87,6308.08,-28.6647,-49.4437,-940.309,-1165.37,-1724.78,-1625.76,-1194.47,-605.71,-861.413,-64.7482,348.258,504.035,997.736,1379.79,-195.105,1191.61,
474.163,0,204.721,0,-134.62,0,718.324,0,0,3.96127,16.1856,1028.85,1938.58,1816.1,1115.72,1181.09,1192.51,208.149,441.581,381.871,952.217,-70.5231,-22.7983,282.536,-0.655647,62.4352,-38.16,11.6774,678.2,894.382,118.908,968.617,208.819,96.5629,313.137,145.662,227.334,47.1913,74.5174,85.0322,0,-60.6729,405.159,-595.38,4040.89,1396.91,6629.38,3508.25,4259.95,3166.66,3718.21,3158.53,2796,2452.13,3026.03,5434.47,-20.308,-99.2291,-1471.67,-1825.45,-3021.21,-1489.47,-1703.86,-368.502,-826.646,-1717.84,-425.066,1161.52,784.07,1944.9,-1501.9,513.946,
9.56726,0,-8.92566,0,171.681,0,127.026,0,0,18.5618,221.012,221.546,215.929,390.609,517.951,262.041,172.837,274.136,203.556,72.4487,-70.5231,341.286,38.6417,113.38,0.538159,14.9668,566.099,924.092,396.11,287.589,445.937,-81.1499,37.8948,177.952,-58.1278,8.26965,-65.8909,1.67519,9.11419,-34.9806,0,25.5779,-298.406,101.333,-625.557,1108.6,-577.366,1225,1602.2,2355.06,1931.42,1881.23,1098.65,831.413,168.782,2108.56,4.04684,7.10423,704.242,421.363,765.928,260.537,818.067,-273.888,432.864,979.933,890.973,241.887,0.886141,-465.173,1011.21,489.792,
-73.4509,0,148.523,0,130.959,0,141.283,0,0,-0.389841,232.235,146.443,175.915,158.837,326.751,185.903,92.4685,114.527,87.6891,98.6888,-22.7983,38.6417,284.164,-28.018,-0.0554241,153.214,950.354,925.278,636.569,319.341,457.76,58.4253,156.868,104.108,-12.2264,-1.80546,-23.1455,30.573,3.5749,16.32,0,14.7035,-32.1769,694.201,-235.147,1032.34,725.541,1386.56,1254.66,995.446,843.662,790.323,714.617,201.003,-101.805,757.259,2.90606,59.064,632.989,1319.59,1702.4,1678.55,1393.63,1574.33,1358.17,1834,908.245,245.5,681.302,94.3651,712.711,827.259,
400.409,0,56.3989,0,-155.385,0,631.941,0,0,13.6928,79.6429,932.515,1546.46,1573.55,976.1,1055.04,808.878,411.96,449.102,261.978,282.536,113.38,-28.018,688.006,-0.272847,-115.064,-141.356,188.057,486.665,677.153,-8.84662,538.205,14.7236,156.167,115.772,62.0076,102.528,11.2682,9.83365,60.9711,0,-7.55369,149.13,40.337,2618.04,2505.71,5698.11,3822.24,4352.4,5108.85,4538.14,3855.28,3418.95,2717.59,3058.34,5727.17,14.8529,-67.7686,-475.989,-757.85,-1141.98,-1645.08,-1316.89,-805.958,-1572.74,-1230.68,258.667,870.138,86.6453,812.718,-172.151,14.8923,
0.0278345,0,0.187433,0,0.40219,0,-0.42059,0,0,0.0945765,0.35839,0.447184,-2.00307,-0.12425,1.01501,-0.952612,-0.767533,-0.142934,0.340112,-0.199198,-0.655647,0.538159,-0.0554241,-0.272847,0.089241,0.209575,1.34655,3.08919,-0.345417,0.133589,1.41991,-1.2669,-0.591427,0.278533,-0.37504,0.079717,-0.43987,-0.0973358,0.0179997,-0.480786,0,0.10428,-1.1682,0.900601,-0.218064,7.66135,-6.99442,4.43392,3.61601,3.21418,2.02503,0.913137,-2.95315,-2.53227,-6.1713,-3.34351,-0.00498689,-0.00291235,3.75298,2.75748,3.06064,2.35277,5.99531,-2.63725,2.86407,2.01478,0.592512,-2.29639,-0.990799,-3.89307,2.19647,0.627024,
-41.3424,0,911.134,0,432.052,0,201.824,0,0,33.3583,783.128,1505.91,1780.52,1220.87,1463.3,798.229,486.766,434.546,72.4251,51.1745,62.4352,14.9668,153.214,-115.064,0.209575,1393.11,3941.27,3504.73,2566.09,1535.53,1076.86,405.063,476.636,107.811,176.709,48.5716,16.5075,55.3263,1.45497,90.0419,0,33.7314,426.632,2714.1,3380.16,4316.66,3759.22,5756.69,4161.04,2930.69,1979.02,900.76,898.073,848.381,-207.531,-1046.54,18.2781,108.604,2260.33,4621.9,6708.54,7662.2,6930.29,7008.3,6488.42,4809.33,2727.49,1931.31,1614.74,442.198,940.135,2025.03,
56.0029,0,4291.74,0,2191.65,0,1402.82,0,0,150.489,4834.47,8512.7,10339.2,7201.78,8743.66,5034.76,2749.47,2923.91,950.602,484.832,-38.16,566.099,950.354,-141.356,1.34655,3941.27,23345.3,20209.4,14418.4,8167.2,6358.28,1589.6,2470.85,812.002,354.302,185.803,-221.041,122.394,45.0574,338.22,0,203.579,1096.16,15817.9,17848.1,29641.2,25287,36247.7,29483,24495,15381.7,13479.1,8230.68,5623.67,617.253,-565.452,93.2567,613.376,14808.5,27288.9,36489.8,39733,36747.2,34393,29999.7,26826.8,16051,9213.67,7915.98,853.956,7288.12,8805.24,
519.949,0,4098.69,0,2331.07,0,2314.33,0,0,187.159,4982.85,9279.69,11055.1,8997.46,10187.7,5916.45,3632.92,3229.63,1655.66,819.45,11.6774,924.092,925.278,188.057,3.08919,3504.73,20209.4,23020.3,14161.6,8561.09,6924.11,1418.59,2086.13,1124.03,158.238,248.023,-318.267,73.6228,61.8141,170.932,0,209.546,145.922,13044.2,14672.3,30055.5,23325.1,35361.3,30921.3,27040.2,19366.5,16480.3,9733.15,6463.08,853.458,4449.89,85.275,495.201,13215.4,22679.8,30182.3,32677.8,31364.1,26339.4,25112.1,23910.2,14558.2,7310.69,6580.74,-346.581,7721.5,7709.26,
727.8,0,3499.16,0,1321.73,0,2405.09,0,0,85.8656,3249.27,7436.39,10067.6,7806.01,8003.77,5644.87,3668.25,2760.22,1291.67,842.507,678.2,396.11,636.569,486.665,-0.345417,2566.09,14418.4,14161.6,13184.1,7161.73,4661.24,2561.46,2088.2,772.364,662.587,240.609,142.696,156.384,99.6201,466.852,0,73.6137,1205.43,9822.25,15352.9,20530.8,24711.7,27536.5,23920.4,22082.1,15284.4,13907.2,10433.2,7935.94,5366.58,7305.4,64.0105,319.264,7485.65,15600.8,20598.5,23550.6,21626,22819,18010.9,15137.1,10298.6,8404.58,5824.38,3223.16,3647.77,5916.68,
889.059,0,2058.85,0,652.086,0,2262.7,0,0,102.955,1849.02,5237.72,7231.06,6378.64,5751.46,4338.69,3172.48,1771.17,1297.08,771.937,894.382,287.589,319.341,677.153,0.133589,1535.53,8167.2,8561.09,7161.73,6505.72,2775.96,2142.16,1124.11,653.985,591.723,286.822,254.021,123.674,30.5918,291.92,0,39.6274,997.883,4220.83,11377.8,12608.9,18657.3,18538.4,16636.4,15754.9,12591.7,10113.3,8552.83,6914.83,5577.57,8749.66,55.2207,31.8803,2867.32,6794.8,9525.26,11912.6,10859.1,12125.1,9925.18,7041.85,5805.55,5707.63,3437.23,2490.03,1312.48,4039.6,
30.11,0,1215.94,0,1010.55,0,922.251,0,0,52.6228,1599.39,2289.37,3063.97,3038.29,3648.63,1833.13,1391.43,1208.57,840.286,585.362,118.908,445.937,457.76,-8.84662,1.41991,1076.86,6358.28,6924.11,4661.24,2775.96,4088.75,646.895,990.633,641.769,77.171,140.092,-95.0987,108.138,121.541,-26.866,0,25.8683,-499.718,3319.42,1410.85,8708.78,3772.19,10497.5,10850.4,8199.12,7946.02,7016.09,3879.37,2277,-314.586,5194.05,-40.9385,162.991,3952.36,6335.26,8481.26,9122.5,9846.6,7123.77,8199.59,9150.16,5450.79,1924.9,3218.12,387.893,3201.66,4366.29,
790.391,0,897.353,0,-118.379,0,1417.51,0,0,6.79355,296.331,2339.5,4141.43,3666.04,2527.34,2426.98,2005.35,731.008,760.441,652.522,968.617,-81.1499,58.4253,538.205,-1.2669,405.063,1589.6,1418.59,2561.46,2142.16,646.895,2514.62,575.739,176.627,559.724,213,374.889,109.226,83.2392,237.516,0,-78.7292,866.207,1128.63,7426.22,5058.2,13521.3,8880.5,9107.73,7566.98,7595.8,5944.96,5861.65,4742.27,5466.23,8614.39,-8.44307,-58.5582,-1289.47,-217.304,-624.526,514.872,12.0236,2824.83,526.474,-468.203,869.967,2713.97,1930.72,3461.6,-1662.41,1303.18,
-22.0488,0,562.014,0,253.944,0,198.747,0,0,-8.17932,477.277,756.16,1519.19,1001.08,1227.96,832.572,641.76,579.383,192.209,225.639,208.819,37.8948,156.868,14.7236,-0.591427,476.636,2470.85,2086.13,2088.2,1124.11,990.633,575.739,1050.09,159.591,207.43,53.6904,89.6588,65.0383,64.9925,112.837,0,-16.5829,191.816,1320.14,1148.04,1397.33,2112.92,3091.64,3004.13,2584.19,1910.3,2376.37,1795.64,1663.76,1030.05,2183.15,-29.8949,56.4845,1153.13,2399.02,3323.91,4355.7,3932.08,4683.33,3842.02,3004.73,2088.6,1905.84,1596.46,1292.2,580.714,1908.73,
13.6392,0,-15.6395,0,169.854,0,377.592,0,0,16.1642,281.892,356.195,599.288,821.007,821.185,529.661,465.39,347.075,347.075,226.291,96.5629,177.952,104.108,156.167,0.278533,107.811,812.002,1124.03,772.364,653.985,641.769,176.627,159.591,513.398,32.9684,34.9124,15.7636,49.9998,20.1823,7.01653,0,10.6838,-159.319,-46.2249,-594.315,680.027,361.066,1570.75,1993.72,2669.87,2565.17,2358.93,2010.5,1434.35,799.162,3813.89,-10.4383,0.230365,112.486,-69.8846,325.466,172.9,494.101,472.73,816.642,1054.11,1058.07,712.941,588.996,318.047,869.672,1318.89,
151.051,0,190.439,0,-54.6891,0,297.537,0,0,1.75289,1.25505,529.195,1018.17,901.19,623.735,567.499,549.933,187.138,161.114,155.059,313.137,-58.1278,-12.2264,115.772,-0.37504,176.709,354.302,158.238,662.587,591.723,77.171,559.724,207.43,32.9684,426.595,57.2497,153.245,54.4911,26.8295,97.9428,0,-28.589,406.974,-52.6887,2110.72,214.306,2908.4,1699.85,1528.82,1549.75,1480.69,1017.83,1499.37,1560.99,1598.85,2438.66,-10.3469,-45.2517,-665.221,-419.095,-403.167,346.809,443.382,1636.59,911.92,-577.897,79.877,1297.86,604.467,1357.9,-655.477,829.415,
123.755,0,94.2858,0,-1.37242,0,137.553,0,0,5.50648,42.0636,328.036,529.474,522.856,379.874,300.608,290.956,85.7938,151.288,84.1819,145.662,8.26965,-1.80546,62.0076,0.079717,48.5716,185.803,248.023,240.609,286.822,140.092,213,53.6904,34.9124,57.2497,157.208,43.8571,5.56587,16.9009,-2.27897,0,-13.9292,47.6341,4.46592,1070.49,882.691,1525.29,1453.05,1622.52,1191.05,1311.09,1049.26,711.071,659.437,634.941,1245.47,-7.35239,-26.9058,-82.9541,-100.195,-267.848,18.6919,114.25,34.9506,117.331,-52.5939,141.196,218.446,238.865,312.982,-269.282,225.804,
124.117,0,6.68501,0,-107.152,0,211.682,0,0,-5.18925,-72.2767,245.925,642.065,599.414,293.726,350.545,369.57,97.2118,134.854,128.46,227.334,-65.8909,-23.1455,102.528,-0.43987,16.5075,-221.041,-318.267,142.696,254.021,-95.0987,374.889,89.6588,15.7636,153.245,43.8571,212.914,32.427,15.1247,56.3132,0,-29.4597,279.433,-261.396,1215.51,-243.829,2017.33,692.048,802.678,819.64,1015.31,691.815,1092.69,1060.8,1296.42,2186.52,-13.1261,-48.5097,-760.871,-848.047,-1117.7,-745.058,-716.284,288.687,-234.607,-1014.25,-277.429,650.821,310.997,1022.21,-689.126,417.648,
-25.247,0,-7.81272,0,24.4601,0,104.345,0,0,0.123001,21.9876,14.5883,116.858,182.571,153.818,91.3118,99.6939,55.1333,70.8645,79.061,47.1913,1.67519,30.573,11.2682,-0.0973358,55.3263,122.394,73.6228,156.384,123.674,108.138,109.226,65.0383,49.9998,54.4911,5.56587,32.427,93.8057,2.286,23.3613,0,-5.14517,65.5276,-48.1233,-177.945,-205.008,149.696,123.529,157.347,215.872,416.497,176.732,517.649,355.304,241.821,1011.03,-6.12164,-2.07982,-239.171,-175.675,-32.0694,-52.2201,69.656,485.513,336.933,110.554,131.574,276.855,290.756,369.89,63.6703,546.637,
38.0422,0,31.3221,0,17.3783,0,40.6043,0,0,-4.67169,22.0665,51.9857,165.037,157.486,144.461,91.2138,126.407,50.4286,48.7313,60.0616,74.5174,9.11419,3.5749,9.83365,0.0179997,1.45497,45.0574,61.8141,99.6201,30.5918,121.541,83.2392,64.9925,20.1823,26.8295,16.9009,15.1247,2.286,84.6393,-0.299257,0,-12.465,-27.6034,-18.1087,233.692,230.959,290.317,340.993,655.747,369.341,422.544,608.363,231.946,235.583,181.252,819.776,-13.5236,-7.05159,-11.36,-142.009,-414.692,-163.972,-15.4607,-150.553,-99.9829,-65.6479,-8.6911,79.9894,150.68,245.23,-87.2513,133.882,
23.2278,0,135.594,0,-24.0452,0,144.745,0,0,-8.92274,17.3458,207.878,405.618,209.053,200.586,281.058,183.601,115.067,-2.19602,34.5276,85.0322,-34.9806,16.32,60.9711,-0.480786,90.0419,338.22,170.932,466.852,291.92,-26.866,237.516,112.837,7.01653,97.9428,-2.27897,56.3132,23.3613,-0.299257,201.545,0,0.0812989,259.722,306.595,893.613,-190.331,1465.78,434.703,91.3823,763.802,26.5401,227.962,657.191,694.138,781.051,587.587,8.19437,9.14228,-100.401,275.46,448.551,731.597,489.44,1506.65,666.828,-28.7939,131.75,812.869,245.679,610.298,-86.3059,261.616,
0,0,0,0,0,0,0,0,0,0,0,0,0,0,0,0,0,0,0,0,0,0,0,0,0,0,0,0,0,0,0,0,0,0,0,0,0,0,0,0,0.13372,0,0,0,0,0,0,0,0,0,0,0,0,0,0,0,0,0,0,0,0,0,0,0,0,0,0,0,0,0,0,0,
-30.6292,0,33.8556,0,43.7254,0,-19.5854,0,0,4.90939,43.7348,-11.8257,-125.973,-123.988,-41.1741,-40.8893,-75.7486,1.07406,-34.3759,-41.0645,-60.6729,25.5779,14.7035,-7.55369,0.10428,33.7314,203.579,209.546,73.6137,39.6274,25.8683,-78.7292,-16.5829,10.6838,-28.589,-13.9292,-29.4597,-5.14517,-12.465,0.0812989,0,42.0993,25.4717,332.46,92.0937,253.771,-205.34,85.7998,-172.047,66.9926,-216.854,-177.665,-147.14,-107.358,-219.93,-456.954,11.8921,22.0887,485.069,665.988,877.815,763.382,631.795,491.654,518.977,506.739,265.386,87.121,-34.5195,-241.085,301.518,24.7653,
317.257,0,666.787,0,-156.069,0,520.13,0,0,-6.24136,12.4914,1134.7,1793.89,1108.76,591.801,696.304,487.66,115.65,-9.85737,16.2153,405.159,-298.406,-32.1769,149.13,-1.1682,426.632,1096.16,145.922,1205.43,997.883,-499.718,866.207,191.816,-159.319,406.974,47.6341,279.433,65.5276,-27.6034,259.722,0,25.4717,2892.4,5376.85,11767.3,7022.75,13212.3,8091.84,4570.77,4450.36,1561.37,364.558,2124.82,2186.57,2831.64,1674.17,37.1492,78.5162,3408.78,6611.63,7072.65,7403.22,6087.05,8915.84,4720.13,744.263,922.34,3312.97,1467.38,2738.18,-1273.21,1285.02,
446.121,0,3868.44,0,1072.9,0,877.264,0,0,49.0399,3575.42,7082.92,7889.36,4136.2,5012.17,2390.95,168.687,1847.77,192.249,-252.933,-595.38,101.333,694.201,40.337,0.900601,2714.1,15817.9,13044.2,9822.25,4220.83,3319.42,1128.63,1320.14,-46.2249,-52.6887,4.46592,-261.396,-48.1233,-18.1087,306.595,0,332.46,5376.85,50730.2,66069.7,85798.7,86404.3,88302.7,72597.7,58558.4,37942.6,29764.6,19299.1,10134.1,6687.9,13187.1,170.054,1337.4,32275,56005,65904.1,58846.7,56632.7,51927.6,34146.5,34666.3,21556.6,13515.1,12094.6,5104.58,6692.61,8420.7,
5356.39,0,6422.55,0,-828.382,0,6136.29,0,0,258.534,3999.61,19359.2,24743.6,19083.5,13842.3,11071.8,8344.4,2706.74,2747.5,1227.39,4040.89,-625.557,-235.147,2618.04,-0.218064,3380.16,17848.1,14672.3,15352.9,11377.8,1410.85,7426.22,1148.04,-594.315,2110.72,1070.49,1215.51,-177.945,233.692,893.613,0,92.0937,11767.3,66069.7,174529,168241,220078,196213,172085,139012,99974.5,78622.6,54957.8,35596.7,36900.8,58092.1,326.895,745.589,35873,71967.2,76656.9,80796.5,82381.7,79637,44352,31061.3,27510.1,31657.3,19804.8,18852.4,-4314.5,10010.1,
4590.44,0,7020.94,0,800.403,0,6916.32,0,0,387.898,8488.49,22986,27402.1,23131.5,19422.2,11819.9,6904.15,4622.77,4768.96,2051.82,1396.91,1108.6,1032.34,2505.71,7.66135,4316.66,29641.2,30055.5,20530.8,12608.9,8708.78,5058.2,1397.33,680.027,214.306,882.691,-243.829,-205.008,230.959,-190.331,0,253.771,7022.75,85798.7,168241,248958,255520,258010,234786,184257,147592,112063,73135,39223.2,33320,74873.3,347.221,1594.61,51326.3,99042,112399,101508,107179,85738.7,54569.3,64176.1,45556.7,25874.3,26790.5,11986.1,9898.02,15460.7,
8368.23,0,7812.67,0,-2456.28,0,13110.1,0,0,253.994,7208.01,31320.1,43785.6,36204.5,24918.5,21995,15846.5,5712.96,7187.18,4560.76,6629.38,-577.366,725.541,5698.11,-6.99442,3759.22,25287,23325.1,24711.7,18657.3,3772.19,13521.3,2112.92,361.066,2908.4,1525.29,2017.33,149.696,290.317,1465.78,0,-205.34,13212.3,86404.3,220078,255520,372178,308122,284616,233064,186997,145072,110596,65936.7,71711.4,123056,444.258,761.877,31624.3,84241.1,90699.7,90923.1,90357.6,98282.9,43333.7,45080.7,41700.6,41328.4,33181.8,32767.2,-4843.87,14913.7,
4850.33,0,6745.11,0,688.128,0,8202.2,0,0,448.645,9744.17,28186.3,36338.1,30741.2,26046.5,17284.1,12177.7,7414.42,6943.82,3393.34,3508.25,1225,1386.56,3822.24,4.43392,5756.69,36247.7,35361.3,27536.5,18538.4,10497.5,8880.5,3091.64,1570.75,1699.85,1453.05,692.048,123.529,340.993,434.703,0,85.7998,8091.84,88302.7,196213,258010,308122,331627,288605,239775,191829,151123,106874,63701.9,54662.2,118348,282.185,1300.88,43388.1,95703,114565,113138,123075,111044,71135.8,72390.2,58192,43102.5,35720.1,22901.2,10835.8,27661.5,
5325.04,0,5080.27,0,272.577,0,8561,0,0,368.275,8791.82,26174.1,36020.6,31796.1,25937.3,18016.9,13668.7,7495.19,7855.67,4590.27,4259.95,1602.2,1254.66,4352.4,3.61601,4161.04,29483,30921.3,23920.4,16636.4,10850.4,9107.73,3004.13,1993.72,1528.82,1622.52,802.678,157.347,655.747,91.3823,0,-172.047,4570.77,72597.7,172085,234786,284616,288605,295701,228623,194628,155540,108329,64797.1,57211.3,131681,38.334,650.465,30711.5,70847.9,84065.8,83708.9,97456.1,84144.4,52586.5,63189.9,53410.7,37965.9,34360.8,23334.1,8727.56,25398.2,
3585.34,0,2495.31,0,-141.119,0,6971.7,0,0,280.971,7234.39,22216.4,30085.5,26623.4,23350.9,16818.9,12416,8714.99,7326.89,3525.27,3166.66,2355.06,995.446,5108.85,3.21418,2930.69,24495,27040.2,22082.1,15754.9,8199.12,7566.98,2584.19,2669.87,1549.75,1191.05,819.64,215.872,369.341,763.802,0,66.9926,4450.36,58558.4,139012,184257,233064,239775,228623,227229,167334,141334,104154,68475,57121.3,128922,152.731,432.452,23467.2,53869.7,68011.5,67443,83133.1,78569.9,48173.4,47373.9,46698.5,42851.2,26686.2,21787.7,12583.7,24392.7,
3779.9,0,765.249,0,-557.512,0,7521.87,0,0,350.842,5665.55,18135.2,26982.9,26768.2,20472.3,15064.6,12259.1,6896.19,7667.97,4656.58,3718.21,1931.42,843.662,4538.14,2.02503,1979.02,15381.7,19366.5,15284.4,12591.7,7946.02,7595.8,1910.3,2565.17,1480.69,1311.09,1015.31,416.497,422.544,26.5401,0,-216.854,1561.37,37942.6,99974.5,147592,186997,191829,194628,167334,167571,120135,91729.5,58359.9,51218.4,124958,-44.0414,-130.051,9173.75,28912.9,40665.7,34600.7,49198.1,44009.1,28183.8,38813.5,39026.7,29791.4,25171.6,20257.7,7943.94,22823.3,
2560.93,0,-32.7511,0,-548.309,0,4803.05,0,0,132.738,4830.68,14077.6,21398.7,19527.7,16653.9,12499.8,10233.8,6401.36,6082.06,3611.52,3158.53,1881.23,790.323,3855.28,0.913137,900.76,13479.1,16480.3,13907.2,10113.3,7016.09,5944.96,2376.37,2358.93,1017.83,1049.26,691.815,176.732,608.363,227.962,0,-177.665,364.558,29764.6,78622.6,112063,145072,151123,155540,141334,120135,116442,75162.1,50162.8,43310.4,104003,-110.252,61.9544,9798.85,24139.2,29195.4,31991.7,42675.2,38330.7,24208.8,31346.1,32620.9,27989.5,20253,17482.2,8279.1,17869.4,
1768.67,0,-752.047,0,-758.379,0,5193.35,0,0,104.751,3085.29,10648.3,17270.4,16321.8,12731.1,10450,8550.17,5070.57,5045.75,3309.85,2796,1098.65,714.617,3418.95,-2.95315,898.073,8230.68,9733.15,10433.2,8552.83,3879.37,5861.65,1795.64,2010.5,1499.37,711.071,1092.69,517.649,231.946,657.191,0,-147.14,2124.82,19299.1,54957.8,73135,110596,106874,108329,104154,91729.5,75162.1,70521.2,42445.2,38112.7,87870.6,4.40099,15.2871,-111.507,10970.2,17482.1,16482,22983.5,30992.5,16610,18566.1,23362.1,24484.3,16344.7,17996,5221.08,16788.3,
1187.35,0,-715.689,0,-695.397,0,2791.66,0,0,72.7922,1783.04,7587.12,12932,11611.8,9447.2,7868.13,6766.2,4336.23,3436.56,2073.9,2452.13,831.413,201.003,2717.59,-2.53227,848.381,5623.67,6463.08,7935.94,6914.83,2277,4742.27,1663.76,1434.35,1560.99,659.437,1060.8,355.304,235.583,694.138,0,-107.358,2186.57,10134.1,35596.7,39223.2,65936.7,63701.9,64797.1,68475,58359.9,50162.8,42445.2,38361.3,28910.3,62534.4,-38.4334,-211.473,458.548,5301.79,9795.93,11214.3,15455.4,22183.9,14200.8,8567.51,14954.8,20914.3,9939.85,14061.5,2361.08,12336.1,
2363.82,0,-245.329,0,-1773.75,0,3916.65,0,0,12.384,659.61,7361.58,13777.2,12065.2,7430.75,8265.02,6832.63,3154.99,3147.06,2187.87,3026.03,168.782,-101.805,3058.34,-6.1713,-207.531,617.253,853.458,5366.58,5577.57,-314.586,5466.23,1030.05,799.162,1598.85,634.941,1296.42,241.821,181.252,781.051,0,-219.93,2831.64,6687.9,36900.8,33320,71711.4,54662.2,57211.3,57121.3,51218.4,43310.4,38112.7,28910.3,35124.5,55827.3,5.25968,-478.601,-4502.43,-1286.39,-1193.37,-308.233,1183.15,11669.7,-104.564,-1491.37,8354.57,15714.3,7518.57,14010.6,-3022.81,5787.78,
2860.96,0,-4520.28,0,-1487.89,0,8087.11,0,0,114.923,2493.91,10633.7,21722.2,24012.9,16881.5,13604.9,13588.5,7268.64,8574.64,6308.08,5434.47,2108.56,757.259,5727.17,-3.34351,-1046.54,-565.452,4449.89,7305.4,8749.66,5194.05,8614.39,2183.15,3813.89,2438.66,1245.47,2186.52,1011.03,819.776,587.587,0,-456.954,1674.17,13187.1,58092.1,74873.3,123056,118348,131681,128922,124958,104003,87870.6,62534.4,55827.3,161286,-391.961,-676.263,-7229.3,-8119.72,-8452.99,-12645.5,3690.52,11604.7,1069.26,5878.26,22901.6,29451.1,20019.3,28576.7,4022.84,27468.7,
13.2435,0,49.8347,0,-3.91951,0,29.687,0,0,4.94937,16.1037,80.6358,-2.69682,-22.6458,-24.1227,33.4431,-24.5486,-17.6227,-21.9914,-28.6647,-20.308,4.04684,2.90606,14.8529,-0.00498689,18.2781,93.2567,85.275,64.0105,55.2207,-40.9385,-8.44307,-29.8949,-10.4383,-10.3469,-7.35239,-13.1261,-6.12164,-13.5236,8.19437,0,11.8921,37.1492,170.054,326.895,347.221,444.258,282.185,38.334,152.731,-44.0414,-110.252,4.40099,-38.4334,5.25968,-391.961,37.5269,17.3816,153.321,371.527,471.985,389.154,181.679,234.094,153.345,176.341,89.1727,37.5447,-63.5313,-145.142,90.1235,-154.166,
-95.5213,0,88.9913,0,93.6599,0,-78.5269,0,0,-0.61175,140.326,61.1765,-114.161,-263.649,-59.638,-99.2383,-158.914,-0.162661,-88.3393,-49.4437,-99.2291,7.10423,59.064,-67.7686,-0.00291235,108.604,613.376,495.201,319.264,31.8803,162.991,-58.5582,56.4845,0.230365,-45.2517,-26.9058,-48.5097,-2.07982,-7.05159,9.14228,0,22.0887,78.5162,1337.4,745.589,1594.61,761.877,1300.88,650.465,432.452,-130.051,61.9544,15.2871,-211.473,-478.601,-676.263,17.3816,215.083,1155.92,2056.78,2407.52,2199.13,1623.18,1571.35,1328.83,1662.26,801.108,259.03,347.84,-66.4297,540.116,196.407,
-416.527,0,3142.48,0,1640.17,0,-1089,0,0,117.402,3279.95,3675.32,2645.58,167.457,2806.18,-45.9756,-1621.8,1480.97,-474.16,-940.309,-1471.67,704.242,632.989,-475.989,3.75298,2260.33,14808.5,13215.4,7485.65,2867.32,3952.36,-1289.47,1153.13,112.486,-665.221,-82.9541,-760.871,-239.171,-11.36,-100.401,0,485.069,3408.78,32275,35873,51326.3,31624.3,43388.1,30711.5,23467.2,9173.75,9798.85,-111.507,458.548,-4502.43,-7229.3,153.321,1155.92,42532.2,56807.2,64118.4,58972.3,54901.7,40820.5,34357.4,32222.3,19210,7676.56,6489.3,-2553.58,9836.82,6500.21,
-655.986,0,5786.25,0,1891.77,0,-528.167,0,0,190.998,5755.43,8476.13,7677.88,2297.6,5709.09,1789.41,-1699.49,2214.78,-726.392,-1165.37,-1825.45,421.363,1319.59,-757.85,2.75748,4621.9,27288.9,22679.8,15600.8,6794.8,6335.26,-217.304,2399.02,-69.8846,-419.095,-100.195,-848.047,-175.675,-142.009,275.46,0,665.988,6611.63,56005,71967.2,99042,84241.1,95703,70847.9,53869.7,28912.9,24139.2,10970.2,5301.79,-1286.39,-8119.72,371.527,2056.78,56807.2,104647,111689,105886,96532.3,82684,64155.4,59229.9,35715.6,18089.6,16302.7,1163.91,14743.4,13079.7,
-2091.33,0,6468.34,0,2936.68,0,-1561.83,0,0,330.676,7363.27,9430.19,8137.56,2051.24,7089.56,1897.39,-2495.13,3608.81,-1117.57,-1724.78,-3021.21,765.928,1702.4,-1141.98,3.06064,6708.54,36489.8,30182.3,20598.5,9525.26,8481.26,-624.526,3323.91,325.466,-403.167,-267.848,-1117.7,-32.0694,-414.692,448.551,0,877.815,7072.65,65904.1,76656.9,112399,90699.7,114565,84065.8,68011.5,40665.7,29195.4,17482.1,9795.93,-1193.37,-8452.99,471.985,2407.52,64118.4,111689,152918,131470,121573,108752,88106.8,80435.5,50207.9,26599.7,21763.9,1168.72,22056.4,21119.4,
-2126.64,0,6955.07,0,3101.3,0,-2163.95,0,0,269.307,7639.4,10516.9,9491.58,1924.84,8214.74,2804.8,-562.834,3227.45,-1497.47,-1625.76,-1489.47,260.537,1678.55,-1645.08,2.35277,7662.2,39733,32677.8,23550.6,11912.6,9122.5,514.872,4355.7,172.9,346.809,18.6919,-745.058,-52.2201,-163.972,731.597,0,763.382,7403.22,58846.7,80796.5,101508,90923.1,113138,83708.9,67443,34600.7,31991.7,16482,11214.3,-308.233,-12645.5,389.154,2199.13,58972.3,105886,131470,150114,126302,117775,98277.6,79680.4,49730.1,32612.4,23924.3,4389.95,19101.8,22944.6,
-2068.43,0,5924.6,0,2957.99,0,-2217.78,0,0,292.113,7100.3,10146.3,9130.17,4076.31,10140.8,2633.2,-67.2579,4133.6,-514.22,-1194.47,-1703.86,818.067,1393.63,-1316.89,5.99531,6930.29,36747.2,31364.1,21626,10859.1,9846.6,12.0236,3932.08,494.101,443.382,114.25,-716.284,69.656,-15.4607,489.44,0,631.795,6087.05,56632.7,82381.7,107179,90357.6,123075,97456.1,83133.1,49198.1,42675.2,22983.5,15455.4,1183.15,3690.52,181.679,1623.18,54901.7,96532.3,121573,126302,139514,112678,94060.8,73852.9,48885.6,33298.9,23638.6,5201.73,19819.8,26701.7,
-2384.96,0,5215.97,0,1898.63,0,-920.279,0,0,117.046,6057.09,9698.67,11107.3,4234.27,9051.47,4378.96,1363.66,4029.73,-661.969,-605.71,-368.502,-273.888,1574.33,-805.958,-2.63725,7008.3,34393,26339.4,22819,12125.1,7123.77,2824.83,4683.33,472.73,1636.59,34.9506,288.687,485.513,-150.553,1506.65,0,491.654,8915.84,51927.6,79637,85738.7,98282.9,111044,84144.4,78569.9,44009.1,38330.7,30992.5,22183.9,11669.7,11604.7,234.094,1571.35,40820.5,82684,108752,117775,112678,130305,90943.9,65498.2,45086.3,40096.1,26054.7,14707.8,15071.7,28532.4,
-3178.16,0,3352.95,0,2802.45,0,-2457.65,0,0,254.685,5412.62,6011.99,4644.33,764.454,6851.32,1388,323.604,2990.13,-902.501,-861.413,-826.646,432.864,1358.17,-1572.74,2.86407,6488.42,29999.7,25112.1,18010.9,9925.18,8199.59,526.474,3842.02,816.642,911.92,117.331,-234.607,336.933,-99.9829,666.828,0,518.977,4720.13,34146.5,44352,54569.3,43333.7,71135.8,52586.5,48173.4,28183.8,24208.8,16610,14200.8,-104.564,1069.26,153.345,1328.83,34357.4,64155.4,88106.8,98277.6,94060.8,90943.9,90823.8,59887.2,39371.5,31039,20483.9,6939.06,16355.9,26205,
-2431.97,0,3299.86,0,2833.55,0,-1213.33,0,0,226.482,5917.43,5172.85,4152.4,958.47,5430.12,1524.85,-507.885,2520.12,-190.641,-64.7482,-1717.84,979.933,1834,-1230.68,2.01478,4809.33,26826.8,23910.2,15137.1,7041.85,9150.16,-468.203,3004.73,1054.11,-577.897,-52.5939,-1014.25,110.554,-65.6479,-28.7939,0,506.739,744.263,34666.3,31061.3,64176.1,45080.7,72390.2,63189.9,47373.9,38813.5,31346.1,18566.1,8567.51,-1491.37,5878.26,176.341,1662.26,32222.3,59229.9,80435.5,79680.4,73852.9,65498.2,59887.2,71815.6,39106.8,17686.9,19313.9,560.579,18998.5,19247.1,
-1183.78,0,1002.64,0,1244.29,0,-280.067,0,0,190.089,3748.06,4803.15,5981.41,3791.66,5438.32,2943.62,1446.49,2805.02,873.556,348.258,-425.066,890.973,908.245,258.667,0.592512,2727.49,16051,14558.2,10298.6,5805.55,5450.79,869.967,2088.6,1058.07,79.877,141.196,-277.429,131.574,-8.6911,131.75,0,265.386,922.34,21556.6,27510.1,45556.7,41700.6,58192,53410.7,46698.5,39026.7,32620.9,23362.1,14954.8,8354.57,22901.6,89.1727,801.108,19210,35715.6,50207.9,49730.1,48885.6,45086.3,39371.5,39106.8,34295.1,17350.6,13838.1,4221.35,12258.9,15274.1,
-583.125,0,-32.0299,0,24.4163,0,310.359,0,0,67.3146,1715.71,4549.93,6737.67,4422.15,5026.18,3857.94,3241.28,2700.36,749.739,504.035,1161.52,241.887,245.5,870.138,-2.29639,1931.31,9213.67,7310.69,8404.58,5707.63,1924.9,2713.97,1905.84,712.941,1297.86,218.446,650.821,276.855,79.9894,812.869,0,87.121,3312.97,13515.1,31657.3,25874.3,41328.4,43102.5,37965.9,42851.2,29791.4,27989.5,24484.3,20914.3,15714.3,29451.1,37.5447,259.03,7676.56,18089.6,26599.7,32612.4,33298.9,40096.1,31039,17686.9,17350.6,27227.9,10236.1,10991,4648.16,13083.3,
-375.181,0,565.825,0,280.999,0,775.658,0,0,25.4428,1804.19,2957.65,4724.5,3689.44,3744.56,2284.56,1896.2,1192.27,992.329,997.736,784.07,0.886141,681.302,86.6453,-0.990799,1614.74,7915.98,6580.74,5824.38,3437.23,3218.12,1930.72,1596.46,588.996,604.467,238.865,310.997,290.756,150.68,245.679,0,-34.5195,1467.38,12094.6,19804.8,26790.5,33181.8,35720.1,34360.8,26686.2,25171.6,20253,16344.7,9939.85,7518.57,20019.3,-63.5313,347.84,6489.3,16302.7,21763.9,23924.3,23638.6,26054.7,20483.9,19313.9,13838.1,10236.1,14083.5,7242.91,3535.61,11040.9,
411.623,0,-461.512,0,-847.959,0,1548.81,0,0,-84.6723,143.909,2735.49,6271.56,5241.05,3526.59,3202.65,3372.77,1280.33,1229.73,1379.79,1944.9,-465.173,94.3651,812.718,-3.89307,442.198,853.956,-346.581,3223.16,2490.03,387.893,3461.6,1292.2,318.047,1357.9,312.982,1022.21,369.89,245.23,610.298,0,-241.085,2738.18,5104.58,18852.4,11986.1,32767.2,22901.2,23334.1,21787.7,20257.7,17482.2,17996,14061.5,14010.6,28576.7,-145.142,-66.4297,-2553.58,1163.91,1168.72,4389.95,5201.73,14707.8,6939.06,560.579,4221.35,10991,7242.91,14833.9,-3140.34,7553.74,
-1544.03,0,-177.253,0,1305.47,0,-714.426,0,0,83.5545,1903.19,-229.662,-1857.92,-1585.29,1055.72,-506.212,-1143.02,1217.59,23.1452,-195.105,-1501.9,1011.21,712.711,-172.151,2.19647,940.135,7288.12,7721.5,3647.77,1312.48,3201.66,-1662.41,580.714,869.672,-655.477,-269.282,-689.126,63.6703,-87.2513,-86.3059,0,301.518,-1273.21,6692.61,-4314.5,9898.02,-4843.87,10835.8,8727.56,12583.7,7943.94,8279.1,5221.08,2361.08,-3022.81,4022.84,90.1235,540.116,9836.82,14743.4,22056.4,19101.8,19819.8,15071.7,16355.9,18998.5,12258.9,4648.16,3535.61,-3140.34,11731,6647.58,
-1354.7,0,-474.229,0,1041.53,0,420.857,0,0,73.5191,1883.8,1254.05,2811.67,3243.88,4396.27,1429.04,1754.48,2034.68,1377.8,1191.61,513.946,489.792,827.259,14.8923,0.627024,2025.03,8805.24,7709.26,5916.68,4039.6,4366.29,1303.18,1908.73,1318.89,829.415,225.804,417.648,546.637,133.882,261.616,0,24.7653,1285.02,8420.7,10010.1,15460.7,14913.7,27661.5,25398.2,24392.7,22823.3,17869.4,16788.3,12336.1,5787.78,27468.7,-154.166,196.407,6500.21,13079.7,21119.4,22944.6,26701.7,28532.4,26205,19247.1,15274.1,13083.3,11040.9,7553.74,6647.58,20853.2,
