data: 40,0,164,0,16,0,153,0,0,9,115,303,368,331,290,179,137,102,65,53,46,21,8,48,0,142,744,721,494,276,230,131,101,56,29,22,23,11,7,19,0,0,81,900,2187,3055,3627,3508,3004,2485,1902,1372,936,634,414,878,6,19,978,2156,2646,2648,2381,2088,1682,1357,1033,733,511,324,228,435,
pred: 109.737,0,263.934,0,101.236,0,251.643,0,0,6.76225,153.565,384.767,507.79,448.873,393.706,279.785,211.982,139.227,96.6555,68.5963,50.3457,35.2378,30.4261,55.6585,0.0379363,131.035,663.75,640.221,526.076,350.078,239.872,157.976,95.2561,57.32,39.0611,22.3741,18.5453,10.6345,8.87403,22.5,0,2.45408,110.944,947.363,2050.17,2870.18,3290.71,3306.25,2947.53,2469.16,1954.07,1556.74,1100.41,771.698,557.645,1309.73,3.94937,15.8788,826.004,1702.2,1997.57,1964.65,1891.19,1657.51,1320.8,1094.16,851.207,644.043,477.501,331.198,222.917,500.655,
cov:
1223.91,0,1006.37,0,55.2474,0,1198.88,0,0,24.4584,176.42,1773.11,2717.19,2653.45,1640.28,1652.32,1278.49,358.725,574.081,347.213,529.29,23.2903,-29.3722,443.741,0.0383593,41.4547,372.685,817.233,984.295,1081.15,192.858,905.621,78.8924,49.0734,181.378,142.992,139.371,-14.7864,45.1084,31.1263,0,-31.5217,355.343,586.69,5676.13,5029.23,8967.8,5481.42,5969.93,4205.66,4415.8,3105.25,2238.57,1583.85,2644.87,3556.43,13.2927,-90.6013,-107.132,-126.88,-1338.81,-1416.02,-1401.1,-1758.23,-2607.77,-1889.49,-818.649,-301.841,-32.4117,589.113,-1418.11,-1003.56,
0,1e-06,0,0,0,0,0,0,0,0,0,0,0,0,0,0,0,0,0,0,0,0,0,0,0,0,0,0,0,0,0,0,0,0,0,0,0,0,0,0,0,0,0,0,0,0,0,0,0,0,0,0,0,0,0,0,0,0,0,0,0,0,0,0,0,0,0,0,0,0,0,0,
1006.37,0,3514.66,0,838.027,0,1445.59,0,0,32.7292,961.759,2708.35,3687.58,2913.52,2658.53,2194.8,1276.03,790.629,359.397,245.092,325.868,38.9185,252.204,144.651,0.211325,1075.41,5024.19,4733.25,4066.01,2495.55,1510.81,1128.02,777.412,74.644,260.969,131.41,30.756,19.6246,45.6132,158.145,0,34.5803,731.393,4116.15,6908.79,7661.46,8828.41,7787.95,6188.76,3626.83,1923.12,1038.97,155.563,61.3958,301.688,-3158.57,48.9389,97.1961,3745.78,6883.6,7936.24,8355.31,7288.24,6574.72,4544.34,4382.82,1758.47,538.896,1263.61,-61.7799,86.0165,254.5,
0,0,0,1e-06,0,0,0,0,0,0,0,0,0,0,0,0,0,0,0,0,0,0,0,0,0,0,0,0,0,0,0,0,0,0,0,0,0,0,0,0,0,0,0,0,0,0,0,0,0,0,0,0,0,0,0,0,0,0,0,0,0,0,0,0,0,0,0,0,0,0,0,0,
55.2474,0,838.027,0,1115.05,0,318.365,0,0,20.9577,594.752,483.623,545.762,514.915,1017.21,364.29,268.475,369.017,135.223,87.0729,-94.0398,186.151,166.425,-123.354,0.454607,503.542,2535.64,2600.15,1556.03,821.576,1109.54,-31.2923,337.732,204.186,-28.4347,11.6331,-96.9866,31.6529,22.0248,-16.9289,0,45.6319,-124.942,1366.63,-279.477,1658.43,-1386.05,1793.08,1329.35,870.369,368.138,253.834,-174.438,-186.996,-1395.75,-647.011,-2.45576,96.6764,2013.76,2573.51,3818.82,3923.7,3824.97,2756.61,3492.34,3483.62,1735.23,399.569,652.125,-613.325,1455.21,1452.76,
0,0,0,0,0,1e-06,0,0,0,0,0,0,0,0,0,0,0,0,0,0,0,0,0,0,0,0,0,0,0,0,0,0,0,0,0,0,0,0,0,0,0,0,0,0,0,0,0,0,0,0,0,0,0,0,0,0,0,0,0,0,0,0,0,0,0,0,0,0,0,0,0,0,
1198.88,0,1445.59,0,318.365,0,3981.86,0,0,47.389,599.766,2672.58,4125.79,4399.78,3049.81,2729.22,2096.85,657.519,1101.01,846.93,768.795,139.485,179.132,671.356,-0.374154,281.335,1778.5,2609.8,2659.08,2475.24,1060.06,1546.67,285.51,414.187,332.134,160.438,224.357,115.448,43.2011,147.069,0,-21.1755,570.332,1205.63,6917.8,8040.42,14422.2,9703.05,9987.83,8217.58,8755.96,5819.38,5918.39,3428.82,4336.05,9186.47,28.8529,-71.9723,-648.633,264.311,-518.976,-1101.27,-1195.44,43.3196,-1620.26,-459.945,295.779,763.922,1229.52,1844.32,-559.412,902.075,
0,0,0,0,0,0,0,1e-06,0,0,0,0,0,0,0,0,0,0,0,0,0,0,0,0,0,0,0,0,0,0,0,0,0,0,0,0,0,0,0,0,0,0,0,0,0,0,0,0,0,0,0,0,0,0,0,0,0,0,0,0,0,0,0,0,0,0,0,0,0,0,0,0,
0,0,0,0,0,0,0,0,0.13372,0,0,0,0,0,0,0,0,0,0,0,0,0,0,0,0,0,0,0,0,0,0,0,0,0,0,0,0,0,0,0,0,0,0,0,0,0,0,0,0,0,0,0,0,0,0,0,0,0,0,0,0,0,0,0,0,0,0,0,0,0,0,0,
24.4584,0,32.7292,0,20.9577,0,47.389,0,0,29.0974,35.5087,116.427,109.07,139.217,106.455,66.2222,53.0393,14.2394,29.1714,7.6898,13.358,14.8745,-0.778064,15.6677,0.0687357,37.1791,137.557,170.918,87.7635,115.034,45.6524,21.052,-4.89502,15.1688,7.96346,7.33784,-0.221055,0.801482,-4.13798,-7.30621,0,3.87032,6.57931,23.835,295.701,336.859,284.864,399.063,330.145,242.786,336.995,98.7435,105,86.5229,43.4337,130.278,5.23308,-1.29566,79.1909,150.006,293.297,249.765,253.925,127.477,259.115,181.406,165.029,84.0268,33.6621,-55.7881,51.2899,75.3984,
176.42,0,961.759,0,594.752,0,599.766,0,0,35.5087,1734.66,2333.73,2916.93,2330.2,2455.43,1472.82,931.134,785.697,445.99,288.506,15.8949,230.747,245.103,81.8115,0.342824,790.555,4865.79,5016.86,3284.02,1856.35,1622.27,306.031,499.507,289.069,3.59041,46.3309,-77.2573,22.7817,25.524,18.1078,0,43.9361,-3.59952,3493.56,3671.23,8061.35,6655.91,9286.05,8363.19,6891.67,5327.95,4583.15,2916.2,1633.29,513.802,2255.5,13.9511,146.273,3292.05,5765.36,7378.15,7581.62,7045.41,5983.46,5354.39,5909.77,3677.25,1626.22,1794.28,104.188,1923.78,1878.12,
1773.11,0,2708.35,0,483.623,0,2672.58,0,0,116.427,2333.73,8839.05,10380.5,8963.08,7157.12,5509.47,3896.69,1948.67,1651.14,933.058,1065.51,232.741,157.354,968.506,0.41349,1508.49,8462.32,9307.4,7468.06,5287.73,2340.89,2426.8,791.583,363.315,546.825,343.709,251.966,19.6104,58.5434,210.07,0,-12.876,1123.8,6780.87,18848,22223.7,30470,27220.5,25412.3,21480.1,17651.8,13709.9,10468.3,7409.17,7270.4,10526.4,77.8444,53.3632,3547.91,8129.96,9102.48,10053,9714.08,9218.72,5611.7,4885.24,4563.72,4324.3,2907.4,2658.2,-338.826,1152.29,
2717.19,0,3687.58,0,545.762,0,4125.79,0,0,109.07,2916.93,10380.5,17368.8,13845.8,10588,8780.99,6476.07,3384.86,2745.33,1830.05,2055.42,268.96,261.673,1650.28,-2.03865,1807.03,10481.3,11216.3,10382,7505.66,3320.13,4386.94,1685.12,669.165,1068.46,559.708,669.576,142.851,181.021,424.336,0,-133.257,1761.04,7090.55,23286.3,24919.3,41381.8,33667.6,33786.4,28318,25780.4,20360,16781,12638.9,13517.2,21429.9,-5.82234,-121.221,2351.47,7119.66,7526.72,8646.87,8161.99,10239.5,3954.76,3667.3,5474.78,6341.74,4660.06,6097.29,-1961.37,2707.91,
2653.45,0,2913.52,0,514.915,0,4399.78,0,0,139.217,2330.2,8963.08,13845.8,14680.7,10107.2,8039.41,6320.94,3031.63,3059.16,2063.73,1978.02,450.243,259.14,1706.42,-0.121915,1315.37,7401.33,9302.23,8240.52,6751.18,3353.8,3979.14,1245.16,891.882,991.295,566.33,628.65,225.948,176.389,245.881,0,-134.942,1089.28,3180.94,17456.2,20076.9,33323.8,27464,29067.4,24587.1,25391.4,18347.1,15865.1,11360,11844.9,23763.2,-25.9916,-272.02,-172.751,1537.56,1473.58,983.631,3007.02,3402.5,-27.1382,353.164,3211.44,4033.6,3707.47,5161.36,-1756.66,3167.21,
1640.28,0,2658.53,0,1017.21,0,3049.81,0,0,106.455,2455.43,7157.12,10588,10107.2,9944.68,6254.47,4834.49,2780.71,2394.93,1503.39,1246.52,583.281,423.873,1068.58,1.06386,1538.81,8983.18,10447.6,8383.79,6087.85,3980.52,2796.68,1441.31,930.677,695.879,429.987,322.42,189.252,164.379,208.065,0,-47.2735,544.202,4108.8,12144.3,16593.7,22051.2,22965.4,23388.5,21251.9,19073,15471.9,12178.7,9082.63,7071.04,16475.9,-31.2587,-72.4474,2530.25,5121.38,6539.01,7397.77,9350.56,8275.35,6277.73,5086.86,4974.4,4601.68,3777.4,3393.1,938.823,4424.2,
1652.32,0,2194.8,0,364.29,0,2729.22,0,0,66.2222,1472.82,5509.47,8780.99,8039.41,6254.47,6488.39,4209.19,2089.23,1825.54,1271.27,1331.1,322.194,289.708,1173.81,-1.04504,860.855,5292.55,6162.79,6046.44,4706.93,2149.47,2749.45,1076.67,609.37,646.527,341.914,387.087,127.134,112.8,308.397,0,-51.0781,660.213,1517.34,9452.43,8972.05,19240.7,14202.2,15580.1,14788.7,13691.2,11438.2,9970.03,7561.72,8005.7,13356,25.3738,-114.507,-318.701,1174.51,1289.65,1990.1,1748.16,3529.56,672.08,1102.97,2437.59,3461.63,2358.53,3157.74,-665.73,1428.07,
1278.49,0,1276.03,0,268.475,0,2096.85,0,0,53.0393,931.134,3896.69,6476.07,6320.94,4834.49,4209.19,4351.49,1472.89,1520.69,1138.21,1303.27,222.268,168.984,893.17,-0.725842,556.133,2947.05,3895.38,3981.09,3457.38,1652.66,2243.01,829.453,528.765,615.517,321.887,397.028,128.025,141.638,204.767,0,-81.3511,466.961,-532.871,6979.2,4649.68,13513.5,9754.58,11725.9,10823.1,11247.1,9349.88,8177.2,6572.92,6598.38,13379.9,-31.6814,-165.804,-1790.59,-2150.78,-2850.51,-1152.86,-689.371,851.002,-91.1541,-777.661,1088.1,2963.17,1974.45,3292.12,-1217.68,1801.53,
358.725,0,790.629,0,369.017,0,657.519,0,0,14.2394,785.697,1948.67,3384.86,3031.63,2780.71,2089.23,1472.89,1851.45,733.652,438.457,268.643,297.105,155.834,464.556,-0.292618,476.052,3022.55,3310.97,2964.26,1899.75,1337.44,891.53,698.856,376.413,234.859,103.443,117.835,71.8209,59.9234,129.433,0,-6.07657,114.653,1515.36,1833.76,3257.15,4499.59,6010.98,6296.65,7808.72,6297.56,5869.06,4892.62,4237.17,3111.94,7167.11,-26.6686,-6.7073,1343.73,1985.99,3438.15,2781.27,3730.6,3699.78,2609.18,2271.83,2599.31,2496.48,1233.82,1314.25,1107.31,2030.51,
574.081,0,359.397,0,135.223,0,1101.01,0,0,29.1714,445.99,1651.14,2745.33,3059.16,2394.93,1825.54,1520.69,733.652,1343.9,598.225,494.921,220.364,124.669,487.375,0.339333,108.32,1032.9,1774.92,1439.05,1433.33,967.044,876.767,271.644,384.655,189.384,167.885,141.605,84.1004,57.2429,9.07851,0,-37.7163,-43.7353,-131.534,2136.86,3721.26,6155,5818.01,6986.57,6557.57,7154.52,5659.43,4843.89,3333.48,3013.15,8475.78,-25.2419,-94.1448,-553.099,-925.021,-1257.97,-1800.43,-838.693,-973.278,-1119.17,-309.336,704.609,613.05,1005.95,1183.77,-18.8666,1389.85,
347.213,0,245.092,0,87.0729,0,846.93,0,0,7.6898,288.506,933.058,1830.05,2063.73,1503.39,1271.27,1138.21,438.457,598.225,825.652,420.385,92.6974,127.477,293.928,-0.170909,73.9287,572.298,932.081,971.781,876.526,691.692,729.922,294.301,261.841,172.592,96.2087,140.519,88.9872,64.0534,42.066,0,-40.9772,1.04282,-511.428,665.881,1132.51,3649.63,2437.91,3749.31,2919.61,4257.8,3255.45,3160.73,1980.54,2067.41,6184.55,-29.642,-46.5083,-1003.2,-1350.18,-1846.11,-1827.15,-1440.72,-804.134,-1049.08,-158.449,252.644,387.923,998.344,1313.25,-193.862,1197.32,
529.29,0,325.868,0,-94.0398,0,768.795,0,0,13.358,15.8949,1065.51,2055.42,1978.02,1246.52,1331.1,1303.27,268.643,494.921,420.385,990.432,-58.83,-2.84025,309.388,-0.634862,89.8696,18.5749,96.4922,749.145,978.037,197.357,1048.7,259.644,113.594,332.44,157.122,236.2,56.4392,75.9271,91.8404,0,-63.0859,398.823,-829.072,3687.46,688.917,5861.41,2695.43,3614.32,2652.43,3360.11,2818.03,2646.99,2360.09,2932.23,5303.15,-20.0317,-103.839,-1546.16,-1962.93,-3101.78,-1671.08,-1919.3,-541.222,-970.974,-1807.99,-569.587,1076.48,773.672,1901.91,-1538.98,503.726,
23.2903,0,38.9185,0,186.151,0,139.485,0,0,14.8745,230.747,232.741,268.96,450.243,583.281,322.194,222.268,297.105,220.364,92.6974,-58.83,352.532,55.3931,127.463,0.508461,26.6792,614.479,960.319,467.197,335.144,487.053,-50.0244,73.2784,191.274,-51.5769,12.421,-62.3896,4.18867,12.7066,-31.4917,0,25.8485,-305.64,-1.64436,-891.131,714.003,-999.193,804.746,1224.16,2082.39,1714.98,1720.97,1018.14,795.148,123.588,2043.7,2.25028,7.26946,696.486,371.634,734.442,191.09,728.675,-349.896,364.354,947.319,837.66,198.159,19.2106,-484.579,1011.61,498.092,
-29.3722,0,252.204,0,166.425,0,179.132,0,0,-0.778064,245.103,157.354,261.673,259.14,423.873,289.708,168.984,155.834,124.669,127.477,-2.84025,55.3931,295.614,-6.94423,-0.0803985,168.63,1003.39,986.143,702.423,387.04,516.376,98.5284,199.398,123.668,-2.39362,4.13314,-22.0692,34.2143,8.05227,19.0182,0,14.4188,-46.0293,534.091,-597.362,495.616,122.537,785.918,753.694,627.118,559.609,560.967,603.633,112.386,-179.487,623.711,2.21892,58.4094,593.469,1209.7,1622.16,1532.94,1233.92,1414.42,1220.69,1776.78,832.984,144.734,674.411,51.4183,702.935,809.658,
443.741,0,144.651,0,-123.354,0,671.356,0,0,15.6677,81.8115,968.506,1650.28,1706.42,1068.58,1173.81,893.17,464.556,487.375,293.928,309.388,127.463,-6.94423,715.467,-0.277012,-105.016,-113.26,250.881,550.187,740.597,68.9298,601.286,55.2978,170.471,126.264,72.2546,106.056,19.0685,11.6244,63.1314,0,-8.97131,129.534,-154.742,2277.95,1947.47,5121.17,3213.36,3862.83,4667.67,4288.85,3621.24,3309.1,2644.7,2985.41,5674.29,13.9336,-68.1604,-527.304,-891.166,-1259.52,-1854.68,-1527.67,-1039.15,-1743.69,-1331.65,161.504,772.854,75.7243,764.719,-187.459,-16.8217,
0.0383593,0,0.211325,0,0.454607,0,-0.374154,0,0,0.0687357,0.342824,0.41349,-2.03865,-0.121915,1.06386,-1.04504,-0.725842,-0.292618,0.339333,-0.170909,-0.634862,0.508461,-0.0803985,-0.277012,0.0894599,0.214811,1.31024,2.93078,-0.300244,0.124165,1.36458,-1.22755,-0.573543,0.271095,-0.364946,0.112246,-0.418084,-0.0737141,0.0315994,-0.473376,0,0.0956142,-1.1527,0.873784,-0.110874,7.49035,-6.81306,4.24812,3.60386,3.06342,1.84836,0.868488,-2.88156,-2.48604,-6.10032,-3.16447,-0.0053926,0.000213591,3.55885,2.53903,2.71006,2.02342,5.73865,-2.42467,2.80931,1.59355,0.464189,-2.19879,-0.919103,-3.70949,1.98515,0.757683,
41.4547,0,1075.41,0,503.542,0,281.335,0,0,37.1791,790.555,1508.49,1807.03,1315.37,1538.81,860.855,556.133,476.052,108.32,73.9287,89.8696,26.6792,168.63,-105.016,0.214811,1393.19,3967.93,3529.57,2622.57,1599.33,1108.57,427.426,515.135,105.929,195.984,53.8634,21.7558,55.3038,6.42059,87.2583,0,32.2193,417.051,2539.02,3049.98,3703.05,3130.41,5077.53,3571.67,2469.27,1613.87,611.076,694.774,716.13,-316.976,-1282.89,16.5223,103.339,2172.86,4462.15,6547.23,7459.49,6764.12,6821.73,6404.29,4689.24,2606.6,1820.71,1602.88,398.938,888.031,2013.38,
372.685,0,5024.19,0,2535.64,0,1778.5,0,0,137.557,4865.79,8462.32,10481.3,7401.33,8983.18,5292.55,2947.05,3022.55,1032.9,572.298,18.5749,614.479,1003.39,-113.26,1.31024,3967.93,23422.4,20334.1,14593.3,8269.39,6496.97,1666.21,2597.74,856.916,386.117,208.251,-215.321,136.959,62.0892,346.783,0,204.355,1027.3,15204.7,16288.5,27378.4,22850.3,33708.7,27301.6,22734.8,13854.2,12338.5,7462.63,5064.39,175.157,-1520.62,87.2127,609.469,14543.8,26771.5,35956.1,39042.8,36072,33834.6,29485.3,26443.9,15652.4,8749.01,7848.39,717.757,7199.42,8653.65,
817.233,0,4733.25,0,2600.15,0,2609.8,0,0,170.918,5016.86,9307.4,11216.3,9302.23,10447.6,6162.79,3895.38,3310.97,1774.92,932.081,96.4922,960.319,986.143,250.881,2.93078,3529.57,20334.1,23152.3,14430.6,8736.7,7082.84,1561.44,2240.39,1186.16,206.284,257.991,-298.521,96.7213,84.0332,172.561,0,206.672,84.5263,12434.8,13170.7,27565,20906.4,32660.5,28612,25220,17952.1,15372.4,9096.23,6022.82,501.962,3752.71,78.3688,483.449,12968.7,22179.8,29722.6,31844.7,30678.2,25705,24552.6,23536.9,14183.9,6884.57,6502.1,-537.471,7622.49,7600.74,
984.295,0,4066.01,0,1556.03,0,2659.08,0,0,87.7635,3284.02,7468.06,10382,8240.52,8383.79,6046.44,3981.09,2964.26,1439.05,971.781,749.145,467.197,702.423,550.187,-0.300244,2622.57,14593.3,14430.6,13501.7,7394.43,4870.95,2732.06,2239.32,830.946,695.515,264.98,145.851,173.604,122.145,477.409,0,72.2454,1112.17,9073.21,13628.1,17988.9,21867.1,24587.1,21545.7,20214,13806,12750,9796.7,7455.23,4881.03,6570.3,56.2653,310.904,7309.22,15124.2,20161.9,22853,21022.4,22034,17451.6,14820,9894.61,7943.47,5780.58,3013.34,3614.07,5804.12,
1081.15,0,2495.55,0,821.576,0,2475.24,0,0,115.034,1856.35,5287.73,7505.66,6751.18,6087.85,4706.93,3457.38,1899.75,1433.33,876.526,978.037,335.144,387.04,740.597,0.124165,1599.33,8269.39,8736.7,7394.43,6746.12,2976.79,2326.47,1275.12,715.282,636.832,315.591,274.224,142.008,43.4631,303.985,0,35.6805,938.95,3568.53,10137,10422.9,16391.5,16134.3,14634.2,14199.7,11456.1,9187.11,8031.06,6555.76,5250.94,8266.36,51.7021,22.3963,2652.37,6321.99,9097.97,11253.8,10152.7,11471.9,9501.18,6756.45,5413.89,5332.88,3438.36,2348.73,1251.45,3981.25,
192.858,0,1510.81,0,1109.54,0,1060.06,0,0,45.6524,1622.27,2340.89,3320.13,3353.8,3980.52,2149.47,1652.66,1337.44,967.044,691.692,197.357,487.053,516.376,68.9298,1.36458,1108.57,6496.97,7082.84,4870.95,2976.79,4245.85,794.219,1129.19,704.306,116.989,168.358,-77.0011,119.821,135.995,-16.7462,0,23.5339,-541.066,2768.67,340.497,6898.57,2033.47,8584.91,9169.69,6947.49,7005.53,6217.2,3512.87,2076.95,-508.069,4899.93,-45.0324,162.358,3762.79,5937.53,8082.52,8572.03,9250.5,6588.42,7710.87,8818.49,5125.26,1693.33,3201.91,289.569,3100.68,4325.52,
905.621,0,1128.02,0,-31.2923,0,1546.67,0,0,21.052,306.031,2426.8,4386.94,3979.14,2796.68,2749.45,2243.01,891.53,876.767,729.922,1048.7,-50.0244,98.5284,601.286,-1.22755,427.426,1666.21,1561.44,2732.06,2326.47,794.219,2678.88,677.518,219.389,598.087,233.532,393.47,121.422,94.5492,246.205,0,-82.2304,855.454,643.909,6682.2,3653.55,12172.2,7352.63,7886.24,6648.43,6914.88,5390.4,5629.5,4603.2,5341.89,8481.25,-10.2334,-74.142,-1494.51,-596.02,-1035.54,41.6064,-496.734,2372,173.993,-781.258,590.677,2492.64,1900.27,3398.53,-1751.36,1271,
78.8924,0,777.412,0,337.732,0,285.51,0,0,-4.89502,499.507,791.583,1685.12,1245.16,1441.31,1076.67,829.453,698.856,271.644,294.301,259.644,73.2784,199.398,55.2978,-0.573543,515.135,2597.74,2240.39,2239.32,1275.12,1129.19,677.518,1150.51,201.951,226.679,67.8158,91.827,79.4613,74.3876,121.822,0,-17.0212,151.561,950.565,317.07,75.9233,658.999,1634.94,1795.53,1656.49,1214.48,1875.53,1501.63,1489.33,821.367,1925.01,-33.7959,54.8736,1069.53,2144.73,3111.58,4014.81,3619.05,4315.3,3568.44,2895.91,1887.28,1680.3,1585.92,1200.48,582.85,1895.19,
49.0734,0,74.644,0,204.186,0,414.187,0,0,15.1688,289.069,363.315,669.165,891.882,930.677,609.37,528.765,376.413,384.655,261.841,113.594,191.274,123.668,170.471,0.271095,105.929,856.916,1186.16,830.946,715.282,704.306,219.389,201.951,538.164,41.3921,41.4589,18.9789,54.3314,23.3215,11.7376,0,9.97657,-184.175,-218.813,-981.101,170.363,-228.829,1026.37,1540.77,2265.08,2290.08,2132.16,1882.58,1352.12,698.182,3703.58,-10.648,3.34437,72.3271,-160.442,263.605,38.4347,321.083,296.259,711.097,1005.19,989.515,636.219,582.666,267.455,869.448,1310.07,
181.378,0,260.969,0,-28.4347,0,332.134,0,0,7.96346,3.59041,546.825,1068.46,991.295,695.879,646.527,615.517,234.859,189.384,172.592,332.44,-51.5769,-2.39362,126.264,-0.364946,195.984,386.117,206.284,695.515,636.832,116.989,598.087,226.679,41.3921,436.18,65.095,153.064,58.7921,28.1036,100.343,0,-30.4567,401.853,-153.336,1909.53,-170.533,2524.39,1242.73,1176.29,1274.73,1293.53,869.27,1416.67,1502.48,1537.75,2358.87,-10.7761,-48.6747,-705.219,-519.613,-462.446,225.056,331.774,1531.1,835.606,-605.397,-5.39387,1229.08,605.723,1326.78,-679.804,829.828,
142.992,0,131.41,0,11.6331,0,160.438,0,0,7.33784,46.3309,343.709,559.708,566.33,429.987,341.914,321.887,103.443,167.885,96.2087,157.122,12.421,4.13314,72.2546,0.112246,53.8634,208.251,257.991,264.98,315.591,168.358,233.532,67.8158,41.4589,65.095,161.155,47.2949,7.75592,17.5746,-1.11271,0,-14.7925,43.3144,-78.5083,948.288,676.269,1304.36,1223.89,1433.37,1027.04,1195.26,950.21,677.324,621.666,616.482,1242.27,-7.35475,-28.671,-117.479,-160.007,-332.876,-56.0844,-4.64061,-59.8142,52.9022,-97.6659,91.0732,176.239,245.601,298.345,-280.806,225.393,
139.371,0,30.756,0,-96.9866,0,224.357,0,0,-0.221055,-77.2573,251.966,669.576,628.65,322.42,387.087,397.028,117.835,141.605,140.519,236.2,-62.3896,-22.0692,106.056,-0.418084,21.7558,-215.321,-298.521,145.851,274.224,-77.0011,393.47,91.827,18.9789,153.064,47.2949,216.463,32.8282,16.0114,55.2491,0,-30.2235,276.246,-305.638,1141.41,-386.442,1859.42,526.669,679.231,707.96,959.87,618.501,1057.83,1049.63,1264.22,2149.34,-13.3422,-49.2223,-781.154,-896.199,-1160.59,-787.515,-764.648,226.809,-251.379,-1031.89,-298.317,619.257,293.419,1009.24,-696.817,423.069,
-14.7864,0,19.6246,0,31.6529,0,115.448,0,0,0.801482,22.7817,19.6104,142.851,225.948,189.252,127.134,128.025,71.8209,84.1004,88.9872,56.4392,4.18867,34.2143,19.0685,-0.0737141,55.3038,136.959,96.7213,173.604,142.008,119.821,121.422,79.4613,54.3314,58.7921,7.75592,32.8282,96.3557,3.7917,24.3742,0,-5.81767,62.0671,-104.029,-258.475,-381.123,-14.4967,-52.6317,-2.32451,116.594,338.988,109.302,485.502,336.4,228.832,971.565,-6.35273,-2.76352,-262.267,-205.123,-69.2893,-76.6469,37.0319,444.838,302.056,85.2284,104.051,261.425,295.859,366.281,56.0673,550.331,
45.1084,0,45.6132,0,22.0248,0,43.2011,0,0,-4.13798,25.524,58.5434,181.021,176.389,164.379,112.8,141.638,59.9234,57.2429,64.0534,75.9271,12.7066,8.05227,11.6244,0.0315994,6.42059,62.0892,84.0332,122.145,43.4631,135.995,94.5492,74.3876,23.3215,28.1036,17.5746,16.0114,3.7917,85.144,2.74254,0,-12.5607,-30.9471,-52.3563,169.34,127.755,166.897,213.429,554.749,276.327,368.548,542.085,201.501,219.415,159.868,792.639,-13.7545,-8.07553,-2.37114,-160.607,-409.023,-185.282,-35.4496,-160.635,-88.6019,-75.1667,-29.7003,61.387,150.224,235.078,-92.7091,134.085,
31.1263,0,158.145,0,-16.9289,0,147.069,0,0,-7.30621,18.1078,210.07,424.336,245.881,208.065,308.397,204.767,129.433,9.07851,42.066,91.8404,-31.4917,19.0182,63.1314,-0.473376,87.2583,346.783,172.561,477.409,303.985,-16.7462,246.205,121.822,11.7376,100.343,-1.11271,55.2491,24.3742,2.74254,205.816,0,0.0180661,255.832,265.417,825.761,-319.427,1321.92,308.457,-8.61374,669.349,-31.9355,195.017,633.881,680.073,752.444,570.932,7.26294,6.25608,-119.569,235.269,390.692,682.894,454.494,1442.26,619.388,-54.1634,117.387,785.912,241.192,601.955,-84.8535,258.287,
0,0,0,0,0,0,0,0,0,0,0,0,0,0,0,0,0,0,0,0,0,0,0,0,0,0,0,0,0,0,0,0,0,0,0,0,0,0,0,0,0.13372,0,0,0,0,0,0,0,0,0,0,0,0,0,0,0,0,0,0,0,0,0,0,0,0,0,0,0,0,0,0,0,
-31.5217,0,34.5803,0,45.6319,0,-21.1755,0,0,3.87032,43.9361,-12.876,-133.257,-134.942,-47.2735,-51.0781,-81.3511,-6.07657,-37.7163,-40.9772,-63.0859,25.8485,14.4188,-8.97131,0.0956142,32.2193,204.355,206.672,72.2454,35.6805,23.5339,-82.2304,-17.0212,9.97657,-30.4567,-14.7925,-30.2235,-5.81767,-12.5607,0.0180661,0,42.0976,25.5735,339.046,97.4612,271.146,-201.151,98.0246,-159.424,76.8049,-221.444,-175.286,-147.444,-111.706,-227.581,-466.926,11.6323,22.6891,492.529,675.236,892.634,768.19,649.711,501.858,531.495,512.834,273.332,89.2808,-31.4065,-238.304,302.142,25.2551,
355.343,0,731.393,0,-124.942,0,570.332,0,0,6.57931,-3.59952,1123.8,1761.04,1089.28,544.202,660.213,466.961,114.653,-43.7353,1.04282,398.823,-305.64,-46.0293,129.534,-1.1527,417.051,1027.3,84.5263,1112.17,938.95,-541.066,855.454,151.561,-184.175,401.853,43.3144,276.246,62.0671,-30.9471,255.832,0,25.5735,2897.46,5426.58,11940.8,7223.69,13444.3,8310.74,4781.14,4555.46,1643.6,394.931,2129.21,2172.52,2833.23,1641.83,37.263,73.2827,3367.48,6553.73,6956.92,7399.92,6068.55,8860.08,4727.34,713.039,888.166,3288.95,1423.44,2742.45,-1295.78,1230.88,
586.69,0,4116.15,0,1366.63,0,1205.63,0,0,23.835,3493.56,6780.87,7090.55,3180.94,4108.8,1517.34,-532.871,1515.36,-131.534,-511.428,-829.072,-1.64436,534.091,-154.742,0.873784,2539.02,15204.7,12434.8,9073.21,3568.53,2768.67,643.909,950.565,-218.813,-153.336,-78.5083,-305.638,-104.029,-52.3563,265.417,0,339.046,5426.58,51764.5,67923.4,89040.2,89643.7,91774.7,75299.9,60747.8,38972.3,30851.1,19602.5,10193,6850.69,13052.4,173.888,1342.95,32376.9,56399.8,65909.7,59325.5,57296.7,52521.4,34508.1,34748.4,21871,13864.3,11789.7,5086.65,6782,8098.78,
5676.13,0,6908.79,0,-279.477,0,6917.8,0,0,295.701,3671.23,18848,23286.3,17456.2,12144.3,9452.43,6979.2,1833.76,2136.86,665.881,3687.46,-891.131,-597.362,2277.95,-0.110874,3049.98,16288.5,13170.7,13628.1,10137,340.497,6682.2,317.07,-981.101,1909.53,948.288,1141.41,-258.475,169.34,825.761,0,97.4612,11940.8,67923.4,179060,175350,227163,203579,178039,143184,102911,80704.9,55697.2,35855,37385.1,58381,340.821,745.563,35822.7,72054.4,76248.3,81350.2,83032,79946.9,44854.9,30957.9,27830.5,32094,19151.7,18984,-4529.1,9366.37,
5029.23,0,7661.46,0,1658.43,0,8040.42,0,0,336.859,8061.35,22223.7,24919.3,20076.9,16593.7,8972.05,4649.68,3257.15,3721.26,1132.51,688.917,714.003,495.616,1947.47,7.49035,3703.05,27378.4,27565,17988.9,10422.9,6898.57,3653.55,75.9233,170.363,-170.533,676.269,-386.442,-381.123,127.755,-319.427,0,271.146,7223.69,89040.2,175350,260794,267345,270527,244589,191634,152350,115955,74443.7,39749.9,34293.7,75498.9,375.27,1628.06,51442.9,99801.1,112110,102549,108461,86744.7,55176.5,63879.6,46394.5,26806.4,25655.4,12161.2,9754.14,14250.7,
8967.8,0,8828.41,0,-1386.05,0,14422.2,0,0,284.864,6655.91,30470,41381.8,33323.8,22051.2,19240.7,13513.5,4499.59,6155,3649.63,5861.41,-999.193,122.537,5121.17,-6.81306,3130.41,22850.3,20906.4,21867.1,16391.5,2033.47,12172.2,658.999,-228.829,2524.39,1304.36,1859.42,-14.4967,166.897,1321.92,0,-201.151,13444.3,89643.7,227163,267345,383671,320277,294747,240043,191621,148572,111876,66206.6,72128.5,123201,469.716,773.071,31809.7,84912.2,90245.1,92092.8,91597.6,99067.7,43638.2,44770.2,42428.7,41982.1,31868,32713.2,-4876.62,13641.7,
5481.42,0,7787.95,0,1793.08,0,9703.05,0,0,399.063,9286.05,27220.5,33667.6,27464,22965.4,14202.2,9754.58,6010.98,5818.01,2437.91,2695.43,804.746,785.918,3213.36,4.24812,5077.53,33708.7,32660.5,24587.1,16134.3,8584.91,7352.63,1634.94,1026.37,1242.73,1223.89,526.669,-52.6317,213.429,308.457,0,98.0246,8310.74,91774.7,203579,270527,320277,344625,298848,247356,196839,154880,108180,64134.3,55535.1,118724,314.556,1337.76,43415.4,96208.7,114036,114069,124077,111962,71625.1,71986.5,58913.4,44078,34320.5,23060.5,10703.5,26430.4,
5969.93,0,6188.76,0,1329.35,0,9987.83,0,0,330.145,8363.19,25412.3,33786.4,29067.4,23388.5,15580.1,11725.9,6296.65,6986.57,3749.31,3614.32,1224.16,753.694,3862.83,3.60386,3571.67,27301.6,28612,21545.7,14634.2,9169.69,7886.24,1795.53,1540.77,1176.29,1433.37,679.231,-2.32451,554.749,-8.61374,0,-159.424,4781.14,75299.9,178039,244589,294747,298848,303978,234762,198341,158490,109202,65047.4,57908.5,131913,61.1419,697.319,30658.6,71110.8,83486.8,84204.7,98049.2,84688.8,52726.3,62593.1,53836,38624.4,33197.1,23368.7,8507.77,24232.3,
4205.66,0,3626.83,0,870.369,0,8217.58,0,0,242.786,6891.67,21480.1,28318,24587.1,21251.9,14788.7,10823.1,7808.72,6557.57,2919.61,2652.43,2082.39,627.118,4667.67,3.06342,2469.27,22734.8,25220,20214,14199.7,6947.49,6648.43,1656.49,2265.08,1274.73,1027.04,707.96,116.594,276.327,669.349,0,76.8049,4555.46,60747.8,143184,191634,240043,247356,234762,231598,169864,143401,104663,68573,57348,128899,166.748,452.234,23548.8,54129.8,67360.5,67702,83429.3,78664.8,48055.1,46992.8,47001.3,43272.7,25627.3,21752.3,12514.2,23351.4,
4415.8,0,1923.12,0,368.138,0,8755.96,0,0,336.995,5327.95,17651.8,25780.4,25391.4,19073,13691.2,11247.1,6297.56,7154.52,4257.8,3360.11,1714.98,559.609,4288.85,1.84836,1613.87,13854.2,17952.1,13806,11456.1,7005.53,6914.88,1214.48,2290.08,1293.53,1195.26,959.87,338.988,368.548,-31.9355,0,-221.444,1643.6,38972.3,102911,152350,191621,196839,198341,169864,169516,121399,92063.3,58388.2,51530.9,125192,-27.4398,-114.451,8714.52,28353.1,39397.7,33955.6,48562.2,43364.1,27623.1,37790.1,38920.7,29909.8,24308.6,20213,7674.59,21964.3,
3105.25,0,1038.97,0,253.834,0,5819.38,0,0,98.7435,4583.15,13709.9,20360,18347.1,15471.9,11438.2,9349.88,5869.06,5659.43,3255.45,2818.03,1720.97,560.967,3621.24,0.868488,611.076,12338.5,15372.4,12750,9187.11,6217.2,5390.4,1875.53,2132.16,869.27,950.21,618.501,109.302,542.085,195.017,0,-175.286,394.931,30851.1,80704.9,115955,148572,154880,158490,143401,121399,117362,75188.6,50117.3,43353.2,103797,-100.912,68.4189,9803.65,24036.5,28621,31637.9,42400.8,37996.7,23721.5,30709.1,32573.2,28084,19464,17246.8,8201.75,17139.3,
2238.57,0,155.563,0,-174.438,0,5918.39,0,0,105,2916.2,10468.3,16781,15865.1,12178.7,9970.03,8177.2,4892.62,4843.89,3160.73,2646.99,1018.14,603.633,3309.1,-2.88156,694.774,7462.63,9096.23,9796.7,8031.06,3512.87,5629.5,1501.63,1882.58,1416.67,677.324,1057.83,485.502,201.501,633.881,0,-147.444,2129.21,19602.5,55697.2,74443.7,111876,108180,109202,104663,92063.3,75188.6,70517.5,42291.4,38002.3,87557.3,4.31177,7.99579,-404.692,10548.5,16576,15879.4,22335.6,30267.8,15961.8,18078.9,23122.3,24304,15852.2,17863,5091.01,16200.3,
1583.85,0,61.3958,0,-186.996,0,3428.82,0,0,86.5229,1633.29,7409.17,12638.9,11360,9082.63,7561.72,6572.92,4237.17,3333.48,1980.54,2360.09,795.148,112.386,2644.7,-2.48604,716.13,5064.39,6022.82,7455.23,6555.76,2076.95,4603.2,1489.33,1352.12,1502.48,621.666,1049.63,336.4,219.415,680.073,0,-111.706,2172.52,10193,35855,39749.9,66206.6,64134.3,65047.4,68573,58388.2,50117.3,42291.4,38195.3,28740.6,62349.5,-38.027,-223.899,183.646,4762.86,8944.46,10440.4,14749.7,21361.9,13612.3,7962.82,14575.1,20780.3,9541.04,13901.6,2280.86,11968.5,
2644.87,0,301.688,0,-1395.75,0,4336.05,0,0,43.4337,513.802,7270.4,13517.2,11844.9,7071.04,8005.7,6598.38,3111.94,3013.15,2067.41,2932.23,123.588,-179.487,2985.41,-6.10032,-316.976,175.157,501.962,4881.03,5250.94,-508.069,5341.89,821.367,698.182,1537.75,616.482,1264.22,228.832,159.868,752.444,0,-227.581,2833.23,6850.69,37385.1,34293.7,72128.5,55535.1,57908.5,57348,51530.9,43353.2,38002.3,28740.6,34884.9,55595.1,6.94951,-474.722,-4653.82,-1519.22,-1676.71,-549.745,830.217,11065.9,-457.586,-1844.87,8164.44,15592.6,7139.74,13839.5,-3032.54,5460.99,
3556.43,0,-3158.57,0,-647.011,0,9186.47,0,0,130.278,2255.5,10526.4,21429.9,23763.2,16475.9,13356,13379.9,7167.11,8475.78,6184.55,5303.15,2043.7,623.711,5674.29,-3.16447,-1282.89,-1520.62,3752.71,6570.3,8266.36,4899.93,8481.25,1925.01,3703.58,2358.87,1242.27,2149.34,971.565,792.639,570.932,0,-466.926,1641.83,13052.4,58381,75498.9,123201,118724,131913,128899,125192,103797,87557.3,62349.5,55595.1,161301,-389.515,-694.731,-7680.72,-9186.64,-10058.7,-14211.2,2165.64,9802.94,-499.331,4767.52,22168.2,29140.5,19213.6,28270,3755.18,26733.3,
13.2927,0,48.9389,0,-2.45576,0,28.8529,0,0,5.23308,13.9511,77.8444,-5.82234,-25.9916,-31.2587,25.3738,-31.6814,-26.6686,-25.2419,-29.642,-20.0317,2.25028,2.21892,13.9336,-0.0053926,16.5223,87.2127,78.3688,56.2653,51.7021,-45.0324,-10.2334,-33.7959,-10.648,-10.7761,-7.35475,-13.3422,-6.35273,-13.7545,7.26294,0,11.6323,37.263,173.888,340.821,375.27,469.716,314.556,61.1419,166.748,-27.4398,-100.912,4.31177,-38.027,6.94951,-389.515,37.5493,17.2926,152.894,371.414,469.777,391.563,189.527,231.03,156.999,179.011,94.1456,37.8113,-61.3866,-141.727,86.8017,-152.962,
-90.6013,0,97.1961,0,96.6764,0,-71.9723,0,0,-1.29566,146.273,53.3632,-121.221,-272.02,-72.4474,-114.507,-165.804,-6.7073,-94.1448,-46.5083,-103.839,7.26946,58.4094,-68.1604,0.000213591,103.339,609.469,483.449,310.904,22.3963,162.358,-74.142,54.8736,3.34437,-48.6747,-28.671,-49.2223,-2.76352,-8.07553,6.25608,0,22.6891,73.2827,1342.95,745.563,1628.06,773.071,1337.76,697.319,452.234,-114.451,68.4189,7.99579,-223.899,-474.722,-694.731,17.2926,215.637,1153.49,2060.33,2409.95,2184.36,1624.85,1568.88,1315.36,1670.79,817.849,245.451,340.723,-76.4888,544.599,188.939,
-107.132,0,3745.78,0,2013.76,0,-648.633,0,0,79.1909,3292.05,3547.91,2351.47,-172.751,2530.25,-318.701,-1790.59,1343.73,-553.099,-1003.2,-1546.16,696.486,593.469,-527.304,3.55885,2172.86,14543.8,12968.7,7309.22,2652.37,3762.79,-1494.51,1069.53,72.3271,-705.219,-117.479,-781.154,-262.267,-2.37114,-119.569,0,492.529,3367.48,32376.9,35822.7,51442.9,31809.7,43415.4,30658.6,23548.8,8714.52,9803.65,-404.692,183.646,-4653.82,-7680.72,152.894,1153.49,42485.5,56684.9,63690,58578.2,54693.9,40497,34007.3,31889.9,19051.1,7503.84,6253.23,-2725.26,9789.85,6142.33,
-126.88,0,6883.6,0,2573.51,0,264.311,0,0,150.006,5765.36,8129.96,7119.66,1537.56,5121.38,1174.51,-2150.78,1985.99,-925.021,-1350.18,-1962.93,371.634,1209.7,-891.166,2.53903,4462.15,26771.5,22179.8,15124.2,6321.99,5937.53,-596.02,2144.73,-160.442,-519.613,-160.007,-896.199,-205.123,-160.607,235.269,0,675.236,6553.73,56399.8,72054.4,99801.1,84912.2,96208.7,71110.8,54129.8,28353.1,24036.5,10548.5,4762.86,-1519.22,-9186.64,371.414,2060.33,56684.9,104354,111017,105492,96273.5,82508.2,63723.3,58782.4,35561.3,17854.8,15862.2,934.394,14716,12505.1,
-1338.81,0,7936.24,0,3818.82,0,-518.976,0,0,293.297,7378.15,9102.48,7526.72,1473.58,6539.01,1289.65,-2850.51,3438.15,-1257.97,-1846.11,-3101.78,734.442,1622.16,-1259.52,2.71006,6547.23,35956.1,29722.6,20161.9,9097.97,8082.52,-1035.54,3111.58,263.605,-462.446,-332.876,-1160.59,-69.2893,-409.023,390.692,0,892.634,6956.92,65909.7,76248.3,112110,90245.1,114036,83486.8,67360.5,39397.7,28621,16576,8944.46,-1676.71,-10058.7,469.777,2409.95,63690,111017,151929,130606,121120,108008,87390.8,79871.3,49787.9,26086.3,21299.6,810.381,21923.3,20481.2,
-1416.02,0,8355.31,0,3923.7,0,-1101.27,0,0,249.765,7581.62,10053,8646.87,983.631,7397.77,1990.1,-1152.86,2781.27,-1800.43,-1827.15,-1671.08,191.09,1532.94,-1854.68,2.02342,7459.49,39042.8,31844.7,22853,11253.8,8572.03,41.6064,4014.81,38.4347,225.056,-56.0844,-787.515,-76.6469,-185.282,682.894,0,768.19,7399.92,59325.5,81350.2,102549,92092.8,114069,84204.7,67702,33955.6,31637.9,15879.4,10440.4,-549.745,-14211.2,391.563,2184.36,58578.2,105492,130606,149533,126067,117587,98005.7,79132.3,49448.3,32332.5,23491.6,4265.51,18888,22394.7,
-1401.1,0,7288.24,0,3824.97,0,-1195.44,0,0,253.925,7045.41,9714.08,8161.99,3007.02,9350.56,1748.16,-689.371,3730.6,-838.693,-1440.72,-1919.3,728.675,1233.92,-1527.67,5.73865,6764.12,36072,30678.2,21022.4,10152.7,9250.5,-496.734,3619.05,321.083,331.774,-4.64061,-764.648,37.0319,-35.4496,454.494,0,649.711,6068.55,57296.7,83032,108461,91597.6,124077,98049.2,83429.3,48562.2,42400.8,22335.6,14749.7,830.217,2165.64,189.527,1624.85,54693.9,96273.5,121120,126067,139548,112780,93976.2,73678.2,48698.3,33075,23195.8,5044.7,19755.4,26080.7,
-1758.23,0,6574.72,0,2756.61,0,43.3196,0,0,127.477,5983.46,9218.72,10239.5,3402.5,8275.35,3529.56,851.002,3699.78,-973.278,-804.134,-541.222,-349.896,1414.42,-1039.15,-2.42467,6821.73,33834.6,25705,22034,11471.9,6588.42,2372,4315.3,296.259,1531.1,-59.8142,226.809,444.838,-160.635,1442.26,0,501.858,8860.08,52521.4,79946.9,86744.7,99067.7,111962,84688.8,78664.8,43364.1,37996.7,30267.8,21361.9,11065.9,9802.94,231.03,1568.88,40497,82508.2,108008,117587,112780,130189,91072.4,65227.2,44917.9,39888.3,25548.9,14549.3,15043,28080.8,
-2607.77,0,4544.34,0,3492.34,0,-1620.26,0,0,259.115,5354.39,5611.7,3954.76,-27.1382,6277.73,672.08,-91.1541,2609.18,-1119.17,-1049.08,-970.974,364.354,1220.69,-1743.69,2.80931,6404.29,29485.3,24552.6,17451.6,9501.18,7710.87,173.993,3568.44,711.097,835.606,52.9022,-251.379,302.056,-88.6019,619.388,0,531.495,4727.34,34508.1,44854.9,55176.5,43638.2,71625.1,52726.3,48055.1,27623.1,23721.5,15961.8,13612.3,-457.586,-499.331,156.999,1315.36,34007.3,63723.3,87390.8,98005.7,93976.2,91072.4,90948.7,59519.9,39223.6,30872.9,20136.1,6746.17,16138.2,25890.4,
-1889.49,0,4382.82,0,3483.62,0,-459.945,0,0,181.406,5909.77,4885.24,3667.3,353.164,5086.86,1102.97,-777.661,2271.83,-309.336,-158.449,-1807.99,947.319,1776.78,-1331.65,1.59355,4689.24,26443.9,23536.9,14820,6756.45,8818.49,-781.258,2895.91,1005.19,-605.397,-97.6659,-1031.89,85.2284,-75.1667,-54.1634,0,512.834,713.039,34748.4,30957.9,63879.6,44770.2,71986.5,62593.1,46992.8,37790.1,30709.1,18078.9,7962.82,-1844.87,4767.52,179.011,1670.79,31889.9,58782.4,79871.3,79132.3,73678.2,65227.2,59519.9,71075.8,38820.9,17412.9,18920.1,474.321,18859.1,18905.2,
-818.649,0,1758.47,0,1735.23,0,295.779,0,0,165.029,3677.25,4563.72,5474.78,3211.44,4974.4,2437.59,1088.1,2599.31,704.609,252.644,-569.587,837.66,832.984,161.504,0.464189,2606.6,15652.4,14183.9,9894.61,5413.89,5125.26,590.677,1887.28,989.515,-5.39387,91.0732,-298.317,104.051,-29.7003,117.387,0,273.332,888.166,21871,27830.5,46394.5,42428.7,58913.4,53836,47001.3,38920.7,32573.2,23122.3,14575.1,8164.44,22168.2,94.1456,817.849,19051.1,35561.3,49787.9,49448.3,48698.3,44917.9,39223.6,38820.9,34177.9,17260.1,13506.2,4082.65,12195.5,14980.1,
-301.841,0,538.896,0,399.569,0,763.922,0,0,84.0268,1626.22,4324.3,6341.74,4033.6,4601.68,3461.63,2963.17,2496.48,613.05,387.923,1076.48,198.159,144.734,772.854,-2.19879,1820.71,8749.01,6884.57,7943.47,5332.88,1693.33,2492.64,1680.3,636.219,1229.08,176.239,619.257,261.425,61.387,785.912,0,89.2808,3288.95,13864.3,32094,26806.4,41982.1,44078,38624.4,43272.7,29909.8,28084,24304,20780.3,15592.6,29140.5,37.8113,245.451,7503.84,17854.8,26086.3,32332.5,33075,39888.3,30872.9,17412.9,17260.1,27134.5,9984.71,10920.2,4594.3,12832,
-32.4117,0,1263.61,0,652.125,0,1229.52,0,0,33.6621,1794.28,2907.4,4660.06,3707.47,3777.4,2358.53,1974.45,1233.82,1005.95,998.344,773.672,19.2106,674.411,75.7243,-0.919103,1602.88,7848.39,6502.1,5780.58,3438.36,3201.91,1900.27,1585.92,582.666,605.723,245.601,293.419,295.859,150.224,241.192,0,-31.4065,1423.44,11789.7,19151.7,25655.4,31868,34320.5,33197.1,25627.3,24308.6,19464,15852.2,9541.04,7139.74,19213.6,-61.3866,340.723,6253.23,15862.2,21299.6,23491.6,23195.8,25548.9,20136.1,18920.1,13506.2,9984.71,13885.2,6965.21,3471.48,10845.9,
589.113,0,-61.7799,0,-613.325,0,1844.32,0,0,-55.7881,104.188,2658.2,6097.29,5161.36,3393.1,3157.74,3292.12,1314.25,1183.77,1313.25,1901.91,-484.579,51.4183,764.719,-3.70949,398.938,717.757,-537.471,3013.34,2348.73,289.569,3398.53,1200.48,267.455,1326.78,298.345,1009.24,366.281,235.078,601.955,0,-238.304,2742.45,5086.65,18984,12161.2,32713.2,23060.5,23368.7,21752.3,20213,17246.8,17863,13901.6,13839.5,28270,-141.727,-76.4888,-2725.26,934.394,810.381,4265.51,5044.7,14549.3,6746.17,474.321,4082.65,10920.2,6965.21,14704.7,-3133,7400.97,
-1418.11,0,86.0165,0,1455.21,0,-559.412,0,0,51.2899,1923.78,-338.826,-1961.37,-1756.66,938.823,-665.73,-1217.68,1107.31,-18.8666,-193.862,-1538.98,1011.61,702.935,-187.459,1.98515,888.031,7199.42,7622.49,3614.07,1251.45,3100.68,-1751.36,582.85,869.448,-679.804,-280.806,-696.817,56.0673,-92.7091,-84.8535,0,302.142,-1295.78,6782,-4529.1,9754.14,-4876.62,10703.5,8507.77,12514.2,7674.59,8201.75,5091.01,2280.86,-3032.54,3755.18,86.8017,544.599,9789.85,14716,21923.3,18888,19755.4,15043,16138.2,18859.1,12195.5,4594.3,3471.48,-3133,11710.1,6554.74,
-1003.56,0,254.5,0,1452.76,0,902.075,0,0,75.3984,1878.12,1152.29,2707.91,3167.21,4424.2,1428.07,1801.53,2030.51,1389.85,1197.32,503.726,498.092,809.658,-16.8217,0.757683,2013.38,8653.65,7600.74,5804.12,3981.25,4325.52,1271,1895.19,1310.07,829.828,225.393,423.069,550.331,134.085,258.287,0,25.2551,1230.88,8098.78,9366.37,14250.7,13641.7,26430.4,24232.3,23351.4,21964.3,17139.3,16200.3,11968.5,5460.99,26733.3,-152.962,188.939,6142.33,12505.1,20481.2,22394.7,26080.7,28080.8,25890.4,18905.2,14980.1,12832,10845.9,7400.97,6554.74,20746.8,
